# OpenSignals Text File Format. Version 1
# {"98:D3:21:FC:8B:12": {"position": 0, "device": "bitalino_rev", "device name": "98:D3:21:FC:8B:12", "device connection": "98:D3:21:FC:8B:12", "sampling rate": 100, "resolution": [4, 1, 1, 1, 1, 10, 10, 10, 10, 6, 6], "firmware version": 1281, "comments": "", "keywords": "", "mode": 0, "sync interval": 2, "date": "2024-12-28", "time": "19:11:21.967", "channels": [1, 2, 3, 4, 5, 6], "sensor": ["RAW", "ECGBIT", "RAW", "RAW", "RAW", "RAW"], "label": ["A1", "A2", "A3", "A4", "A5", "A6"], "column": ["nSeq", "I1", "I2", "O1", "O2", "A1", "A2", "A3", "A4", "A5", "A6"], "special": [{}, {}, {}, {}, {}, {}], "digital IO": [0, 0, 1, 1]}}
# EndOfHeader
0	0	0	0	0	4	455	0	0	0	0	
1	0	0	0	0	0	506	0	0	0	0	
2	0	0	0	0	0	492	0	0	0	0	
3	0	0	0	0	0	490	0	0	0	0	
4	0	0	0	0	2	545	0	0	0	0	
5	0	0	0	0	0	514	0	0	0	0	
6	0	0	0	0	0	513	0	0	0	0	
7	0	0	0	0	0	505	0	0	0	0	
8	0	0	0	0	4	539	0	0	0	0	
9	0	0	0	0	0	559	0	0	0	0	
10	0	0	0	0	0	523	0	0	0	0	
11	0	0	0	0	0	527	1	0	0	0	
12	0	0	0	0	4	521	0	0	0	0	
13	0	0	0	0	0	519	0	0	0	0	
14	0	0	0	0	0	490	0	0	0	0	
15	0	0	0	0	0	471	0	0	0	0	
0	0	0	0	0	1	506	0	0	0	0	
1	0	0	0	0	0	489	0	0	0	0	
2	0	0	0	0	0	492	0	0	0	0	
3	0	0	0	0	0	466	0	0	0	0	
4	0	0	0	0	4	483	0	0	0	0	
5	0	0	0	0	0	504	0	0	0	0	
6	0	0	0	0	0	507	0	0	0	0	
7	0	0	0	0	0	475	0	0	0	0	
8	0	0	0	0	4	493	0	0	0	0	
9	0	0	0	0	0	530	0	0	0	0	
10	0	0	0	0	0	500	0	0	0	0	
11	0	0	0	0	0	524	0	0	0	0	
12	0	0	0	0	4	516	0	0	0	0	
13	0	0	0	0	0	499	0	0	0	0	
14	0	0	0	0	0	489	0	0	0	0	
15	0	0	0	0	0	536	0	0	0	0	
0	0	0	0	0	4	496	0	0	0	0	
1	0	0	0	0	0	497	0	0	0	0	
2	0	0	0	0	0	534	0	0	0	0	
3	0	0	0	0	0	496	0	0	0	0	
4	0	0	0	0	4	513	0	0	0	0	
5	0	0	0	0	0	538	0	0	0	0	
6	0	0	0	0	0	481	0	0	0	0	
7	0	0	0	0	0	470	0	0	0	0	
8	0	0	0	0	4	522	0	0	0	0	
9	0	0	0	0	0	502	0	0	0	0	
10	0	0	0	0	0	542	0	0	0	0	
11	0	0	0	0	0	551	1	0	0	0	
12	0	0	0	0	4	517	0	0	0	0	
13	0	0	0	0	0	507	0	0	0	0	
14	0	0	0	0	0	505	0	0	0	0	
15	0	0	0	0	0	519	0	0	0	0	
0	0	0	0	0	2	486	0	0	0	0	
1	0	0	0	0	0	512	0	0	0	0	
2	0	0	0	0	0	507	0	0	0	0	
3	0	0	0	0	0	536	0	0	0	0	
4	0	0	0	0	4	491	0	0	0	0	
5	0	0	0	0	0	509	0	0	0	0	
6	0	0	0	0	0	513	0	0	0	0	
7	0	0	0	0	0	510	0	0	0	0	
8	0	0	0	0	4	545	0	0	0	0	
9	0	0	0	0	0	515	0	0	0	0	
10	0	0	0	0	0	526	0	0	0	0	
11	0	0	0	0	0	508	0	0	0	0	
12	0	0	0	0	1	500	0	0	0	0	
13	0	0	0	0	0	472	0	0	0	0	
14	0	0	0	0	0	520	0	0	0	0	
15	0	0	0	0	0	475	0	0	0	0	
0	0	0	0	0	4	499	0	0	0	0	
1	0	0	0	0	0	458	0	0	0	0	
2	0	0	0	0	0	542	0	0	0	0	
3	0	0	0	0	0	526	0	0	0	0	
4	0	0	0	0	4	500	0	0	0	0	
5	0	0	0	0	0	724	1	0	0	0	
6	0	0	0	0	0	839	1	0	0	0	
7	0	0	0	0	0	660	1	0	0	0	
8	0	0	0	0	4	561	0	0	0	0	
9	0	0	0	0	0	499	0	0	0	0	
10	0	0	0	0	0	472	0	0	0	0	
11	0	0	0	0	0	439	0	0	0	0	
12	0	0	0	0	4	465	0	0	0	0	
13	0	0	0	0	0	460	0	0	0	0	
14	0	0	0	0	0	455	0	0	0	0	
15	0	0	0	0	0	482	0	0	0	0	
0	0	0	0	0	1	473	0	0	0	0	
1	0	0	0	0	0	496	0	0	0	0	
2	0	0	0	0	0	488	0	0	0	0	
3	0	0	0	0	0	489	0	0	0	0	
4	0	0	0	0	4	494	0	0	0	0	
5	0	0	0	0	0	497	0	0	0	0	
6	0	0	0	0	0	502	0	0	0	0	
7	0	0	0	0	0	511	0	0	0	0	
8	0	0	0	0	4	508	0	0	0	0	
9	0	0	0	0	0	514	0	0	0	0	
10	0	0	0	0	0	532	0	0	0	0	
11	0	0	0	0	0	535	0	0	0	0	
12	0	0	0	0	2	542	0	0	0	0	
13	0	0	0	0	0	522	0	0	0	0	
14	0	0	0	0	0	527	0	0	0	0	
15	0	0	0	0	0	504	0	0	0	0	
0	0	0	0	0	4	522	0	0	0	0	
1	0	0	0	0	0	478	0	0	0	0	
2	0	0	0	0	0	522	0	0	0	0	
3	0	0	0	0	0	499	0	0	0	0	
4	0	0	0	0	4	471	0	0	0	0	
5	0	0	0	0	0	460	0	0	0	0	
6	0	0	0	0	0	499	0	0	0	0	
7	0	0	0	0	0	475	0	0	0	0	
8	0	0	0	0	4	467	0	0	0	0	
9	0	0	0	0	0	493	0	0	0	0	
10	0	0	0	0	0	505	0	0	0	0	
11	0	0	0	0	0	500	0	0	0	0	
12	0	0	0	0	4	485	0	0	0	0	
13	0	0	0	0	0	492	0	0	0	0	
14	0	0	0	0	0	491	0	0	0	0	
15	0	0	0	0	0	498	0	0	0	0	
0	0	0	0	0	4	468	0	0	0	0	
1	0	0	0	0	0	506	0	0	0	0	
2	0	0	0	0	0	493	0	0	0	0	
3	0	0	0	0	0	496	0	0	0	0	
4	0	0	0	0	4	507	0	0	0	0	
5	0	0	0	0	0	486	0	0	0	0	
6	0	0	0	0	0	512	0	0	0	0	
7	0	0	0	0	0	502	0	0	0	0	
8	0	0	0	0	4	468	0	0	0	0	
9	0	0	0	0	0	496	0	0	0	0	
10	0	0	0	0	0	504	0	0	0	0	
11	0	0	0	0	0	469	0	0	0	0	
12	0	0	0	0	1	497	0	0	0	0	
13	0	0	0	0	0	523	0	0	0	0	
14	0	0	0	0	0	510	0	0	0	0	
15	0	0	0	0	0	488	0	0	0	0	
0	0	0	0	0	4	488	0	0	0	0	
1	0	0	0	0	0	513	0	0	0	0	
2	0	0	0	0	0	511	0	0	0	0	
3	0	0	0	0	0	516	0	0	0	0	
4	0	0	0	0	4	500	0	0	0	0	
5	0	0	0	0	0	536	0	0	0	0	
6	0	0	0	0	0	519	0	0	0	0	
7	0	0	0	0	0	504	0	0	0	0	
8	0	0	0	0	2	548	0	0	0	0	
9	0	0	0	0	0	528	0	0	0	0	
10	0	0	0	0	0	527	0	0	0	0	
11	0	0	0	0	0	539	1	0	0	0	
12	0	0	0	0	4	511	0	0	0	0	
13	0	0	0	0	0	508	0	0	0	0	
14	0	0	0	0	0	491	0	0	0	0	
15	0	0	0	0	0	528	0	0	0	0	
0	0	0	0	0	4	467	0	0	0	0	
1	0	0	0	0	0	500	0	0	0	0	
2	0	0	0	0	0	524	0	0	0	0	
3	0	0	0	0	0	507	0	0	0	0	
4	0	0	0	0	4	487	0	0	0	0	
5	0	0	0	0	0	580	0	0	0	0	
6	0	0	0	0	0	766	1	0	0	0	
7	0	0	0	0	0	681	1	0	0	0	
8	0	0	0	0	4	557	0	0	0	0	
9	0	0	0	0	0	532	0	0	0	0	
10	0	0	0	0	0	433	0	0	0	0	
11	0	0	0	0	0	459	0	0	0	0	
12	0	0	0	0	4	439	0	0	0	0	
13	0	0	0	0	0	490	0	0	0	0	
14	0	0	0	0	0	482	0	0	0	0	
15	0	0	0	0	0	439	0	0	0	0	
0	0	0	0	0	4	487	0	0	0	0	
1	0	0	0	0	0	487	0	0	0	0	
2	0	0	0	0	0	465	0	0	0	0	
3	0	0	0	0	0	498	0	0	0	0	
4	0	0	0	0	4	505	0	0	0	0	
5	0	0	0	0	0	521	0	0	0	0	
6	0	0	0	0	0	521	0	0	0	0	
7	0	0	0	0	0	483	0	0	0	0	
8	0	0	0	0	1	515	0	0	0	0	
9	0	0	0	0	0	516	0	0	0	0	
10	0	0	0	0	0	524	0	0	0	0	
11	0	0	0	0	0	513	0	0	0	0	
12	0	0	0	0	4	541	0	0	0	0	
13	0	0	0	0	0	546	0	0	0	0	
14	0	0	0	0	0	505	0	0	0	0	
15	0	0	0	0	0	539	1	0	0	0	
0	0	0	0	0	4	483	0	0	0	0	
1	0	0	0	0	0	512	0	0	0	0	
2	0	0	0	0	0	478	0	0	0	0	
3	0	0	0	0	0	468	0	0	0	0	
4	0	0	0	0	2	462	0	0	0	0	
5	0	0	0	0	0	433	0	0	0	0	
6	0	0	0	0	0	467	0	0	0	0	
7	0	0	0	0	0	468	0	0	0	0	
8	0	0	0	0	4	487	0	0	0	0	
9	0	0	0	0	0	451	0	0	0	0	
10	0	0	0	0	0	530	0	0	0	0	
11	0	0	0	0	0	471	0	0	0	0	
12	0	0	0	0	4	449	0	0	0	0	
13	0	0	0	0	0	486	0	0	0	0	
14	0	0	0	0	0	493	0	0	0	0	
15	0	0	0	0	0	469	0	0	0	0	
0	0	0	0	0	4	508	0	0	0	0	
1	0	0	0	0	0	496	0	0	0	0	
2	0	0	0	0	0	497	0	0	0	0	
3	0	0	0	0	0	480	0	0	0	0	
4	0	0	0	0	4	481	0	0	0	0	
5	0	0	0	0	0	484	0	0	0	0	
6	0	0	0	0	0	512	0	0	0	0	
7	0	0	0	0	0	510	0	0	0	0	
8	0	0	0	0	4	473	0	0	0	0	
9	0	0	0	0	0	507	0	0	0	0	
10	0	0	0	0	0	492	0	0	0	0	
11	0	0	0	0	0	473	0	0	0	0	
12	0	0	0	0	4	484	0	0	0	0	
13	0	0	0	0	0	536	0	0	0	0	
14	0	0	0	0	0	527	0	0	0	0	
15	0	0	0	0	0	503	0	0	0	0	
0	0	0	0	0	4	509	0	0	0	0	
1	0	0	0	0	0	512	0	0	0	0	
2	0	0	0	0	0	491	0	0	0	0	
3	0	0	0	0	0	480	0	0	0	0	
4	0	0	0	0	1	544	0	0	0	0	
5	0	0	0	0	0	586	0	0	0	0	
6	0	0	0	0	0	541	0	0	0	0	
7	0	0	0	0	0	552	1	0	0	0	
8	0	0	0	0	4	525	0	0	0	0	
9	0	0	0	0	0	515	0	0	0	0	
10	0	0	0	0	0	468	0	0	0	0	
11	0	0	0	0	0	505	0	0	0	0	
12	0	0	0	0	4	515	0	0	0	0	
13	0	0	0	0	0	520	0	0	0	0	
14	0	0	0	0	0	514	0	0	0	0	
15	0	0	0	0	0	517	0	0	0	0	
0	0	0	0	0	2	483	0	0	0	0	
1	0	0	0	0	0	509	0	0	0	0	
2	0	0	0	0	0	529	0	0	0	0	
3	0	0	0	0	0	787	1	0	0	0	
4	0	0	0	0	4	738	1	0	0	0	
5	0	0	0	0	0	549	0	0	0	0	
6	0	0	0	0	0	509	0	0	0	0	
7	0	0	0	0	0	510	0	0	0	0	
8	0	0	0	0	4	430	0	0	0	0	
9	0	0	0	0	0	441	0	0	0	0	
10	0	0	0	0	0	509	0	0	0	0	
11	0	0	0	0	0	484	0	0	0	0	
12	0	0	0	0	4	472	0	0	0	0	
13	0	0	0	0	0	508	0	0	0	0	
14	0	0	0	0	0	511	0	0	0	0	
15	0	0	0	0	0	506	0	0	0	0	
0	0	0	0	0	4	494	0	0	0	0	
1	0	0	0	0	0	519	0	0	0	0	
2	0	0	0	0	0	498	0	0	0	0	
3	0	0	0	0	0	522	1	0	0	0	
4	0	0	0	0	2	523	0	0	0	0	
5	0	0	0	0	0	518	0	0	0	0	
6	0	0	0	0	0	529	0	0	0	0	
7	0	0	0	0	0	537	0	0	0	0	
8	0	0	0	0	4	535	0	0	0	0	
9	0	0	0	0	0	523	0	0	0	0	
10	0	0	0	0	0	543	0	0	0	0	
11	0	0	0	0	0	540	0	0	0	0	
12	0	0	0	0	4	535	0	0	0	0	
13	0	0	0	0	0	537	0	0	0	0	
14	0	0	0	0	0	528	0	0	0	0	
15	0	0	0	0	0	489	0	0	0	0	
0	0	0	0	0	1	511	0	0	0	0	
1	0	0	0	0	0	492	0	0	0	0	
2	0	0	0	0	0	474	0	0	0	0	
3	0	0	0	0	0	485	0	0	0	0	
4	0	0	0	0	4	508	0	0	0	0	
5	0	0	0	0	0	467	0	0	0	0	
6	0	0	0	0	0	523	0	0	0	0	
7	0	0	0	0	0	529	0	0	0	0	
8	0	0	0	0	4	513	0	0	0	0	
9	0	0	0	0	1	502	0	0	0	0	
10	0	0	0	0	0	516	0	0	0	0	
11	0	0	0	0	0	499	0	0	0	0	
12	0	0	0	0	4	521	0	0	0	0	
13	0	0	0	0	1	526	0	0	0	0	
14	0	0	0	0	0	524	0	0	0	0	
15	0	0	0	0	0	491	0	0	0	0	
0	0	0	0	0	4	513	0	0	0	0	
1	0	0	0	0	1	488	0	0	0	0	
2	0	0	0	0	0	539	0	0	0	0	
3	0	0	0	0	0	487	0	0	0	0	
4	0	0	0	0	4	518	0	0	0	0	
5	0	0	0	0	0	510	0	0	0	0	
6	0	0	0	0	0	510	0	0	0	0	
7	0	0	0	0	0	498	0	0	0	0	
8	0	0	0	0	4	523	0	0	0	0	
9	0	0	0	0	0	505	0	0	0	0	
10	0	0	0	0	0	523	0	0	0	0	
11	0	0	0	0	0	527	0	0	0	0	
12	0	0	0	0	4	509	0	0	0	0	
13	0	0	0	0	0	531	0	0	0	0	
14	0	0	0	0	0	513	0	0	0	0	
15	0	0	0	0	0	529	0	0	0	0	
0	0	0	0	0	2	541	0	0	0	0	
1	0	0	0	0	1	512	0	0	0	0	
2	0	0	0	0	0	542	0	0	0	0	
3	0	0	0	0	0	558	1	0	0	0	
4	0	0	0	0	4	557	0	0	0	0	
5	0	0	0	0	0	489	0	0	0	0	
6	0	0	0	0	0	499	0	0	0	0	
7	0	0	0	0	0	513	0	0	0	0	
8	0	0	0	0	4	479	0	0	0	0	
9	0	0	0	0	0	485	0	0	0	0	
10	0	0	0	0	0	506	0	0	0	0	
11	0	0	0	0	0	494	0	0	0	0	
12	0	0	0	0	2	521	0	0	0	0	
13	0	0	0	0	0	523	0	0	0	0	
14	0	0	0	0	0	483	0	0	0	0	
15	0	0	0	0	0	536	1	0	0	0	
0	0	0	0	0	4	748	1	0	0	0	
1	0	0	0	0	0	729	1	0	0	0	
2	0	0	0	0	0	564	0	0	0	0	
3	0	0	0	0	0	455	0	0	0	0	
4	0	0	0	0	4	491	0	0	0	0	
5	0	0	0	0	1	436	0	0	0	0	
6	0	0	0	0	0	422	0	0	0	0	
7	0	0	0	0	0	446	0	0	0	0	
8	0	0	0	0	4	446	0	0	0	0	
9	0	0	0	0	1	477	0	0	0	0	
10	0	0	0	0	0	462	0	0	0	0	
11	0	0	0	0	0	487	0	0	0	0	
12	0	0	0	0	4	509	0	0	0	0	
13	0	0	0	0	0	514	0	0	0	0	
14	0	0	0	0	0	518	0	0	0	0	
15	0	0	0	0	0	517	0	0	0	0	
0	0	0	0	0	4	507	0	0	0	0	
1	0	0	0	0	0	520	0	0	0	0	
2	0	0	0	0	0	497	0	0	0	0	
3	0	0	0	0	0	506	0	0	0	0	
4	0	0	0	0	4	526	0	0	0	0	
5	0	0	0	0	1	505	0	0	0	0	
6	0	0	0	0	0	548	0	0	0	0	
7	0	0	0	0	0	530	0	0	0	0	
8	0	0	0	0	4	496	0	0	0	0	
9	0	0	0	0	1	547	0	0	0	0	
10	0	0	0	0	0	519	0	0	0	0	
11	0	0	0	0	0	471	0	0	0	0	
12	0	0	0	0	2	486	0	0	0	0	
13	0	0	0	0	1	462	0	0	0	0	
14	0	0	0	0	0	498	0	0	0	0	
15	0	0	0	0	0	485	0	0	0	0	
0	0	0	0	0	4	474	0	0	0	0	
1	0	0	0	0	0	511	0	0	0	0	
2	0	0	0	0	0	456	0	0	0	0	
3	0	0	0	0	0	464	0	0	0	0	
4	0	0	0	0	4	465	0	0	0	0	
5	0	0	0	0	0	467	0	0	0	0	
6	0	0	0	0	0	495	0	0	0	0	
7	0	0	0	0	0	515	0	0	0	0	
8	0	0	0	0	1	496	0	0	0	0	
9	0	0	0	0	0	487	0	0	0	0	
10	0	0	0	0	0	487	0	0	0	0	
11	0	0	0	0	0	524	0	0	0	0	
12	0	0	0	0	4	477	0	0	0	0	
13	0	0	0	0	0	514	0	0	0	0	
14	0	0	0	0	0	504	0	0	0	0	
15	0	0	0	0	0	498	0	0	0	0	
0	0	0	0	0	4	533	0	0	0	0	
1	0	0	0	0	0	519	0	0	0	0	
2	0	0	0	0	0	544	0	0	0	0	
3	0	0	0	0	1	522	0	0	0	0	
4	0	0	0	0	4	524	0	0	0	0	
5	0	0	0	0	0	548	0	0	0	0	
6	0	0	0	0	0	516	0	0	0	0	
7	0	0	0	0	0	510	0	0	0	0	
8	0	0	0	0	4	531	0	0	0	0	
9	0	0	0	0	0	505	0	0	0	0	
10	0	0	0	0	0	548	0	0	0	0	
11	0	0	0	0	0	522	1	0	0	0	
12	0	0	0	0	1	516	0	0	0	0	
13	0	0	0	0	0	502	0	0	0	0	
14	0	0	0	0	0	511	0	0	0	0	
15	0	0	0	0	0	515	0	0	0	0	
0	0	0	0	0	4	535	0	0	0	0	
1	0	0	0	0	0	552	0	0	0	0	
2	0	0	0	0	0	534	0	0	0	0	
3	0	0	0	0	0	535	1	0	0	0	
4	0	0	0	0	4	532	0	0	0	0	
5	0	0	0	0	0	514	0	0	0	0	
6	0	0	0	0	0	503	0	0	0	0	
7	0	0	0	0	0	473	0	0	0	0	
8	0	0	0	0	2	517	0	0	0	0	
9	0	0	0	0	0	524	0	0	0	0	
10	0	0	0	0	0	517	0	0	0	0	
11	0	0	0	0	0	516	0	0	0	0	
12	0	0	0	0	4	504	0	0	0	0	
13	0	0	0	0	0	547	0	0	0	0	
14	0	0	0	0	0	558	0	0	0	0	
15	0	0	0	0	0	689	1	0	0	0	
0	0	0	0	0	4	827	1	0	0	0	
1	0	0	0	0	0	592	0	0	0	0	
2	0	0	0	0	0	579	0	0	0	0	
3	0	0	0	0	0	456	0	0	0	0	
4	0	0	0	0	4	485	0	0	0	0	
5	0	0	0	0	0	469	0	0	0	0	
6	0	0	0	0	0	472	0	0	0	0	
7	0	0	0	0	0	470	0	0	0	0	
8	0	0	0	0	4	451	0	0	0	0	
9	0	0	0	0	1	500	0	0	0	0	
10	0	0	0	0	0	495	0	0	0	0	
11	0	0	0	0	1	499	0	0	0	0	
12	0	0	0	0	4	504	0	0	0	0	
13	0	0	0	0	0	489	0	0	0	0	
14	0	0	0	0	0	499	0	0	0	0	
15	0	0	0	0	1	523	0	0	0	0	
0	0	0	0	0	4	489	0	0	0	0	
1	0	0	0	0	1	500	0	0	0	0	
2	0	0	0	0	0	515	0	0	0	0	
3	0	0	0	0	0	523	0	0	0	0	
4	0	0	0	0	4	533	0	0	0	0	
5	0	0	0	0	1	537	0	0	0	0	
6	0	0	0	0	0	515	0	0	0	0	
7	0	0	0	0	0	496	0	0	0	0	
8	0	0	0	0	1	527	0	0	0	0	
9	0	0	0	0	0	510	0	0	0	0	
10	0	0	0	0	0	499	0	0	0	0	
11	0	0	0	0	0	545	0	0	0	0	
12	0	0	0	0	4	507	0	0	0	0	
13	0	0	0	0	1	476	0	0	0	0	
14	0	0	0	0	0	495	0	0	0	0	
15	0	0	0	0	0	478	0	0	0	0	
0	0	0	0	0	4	456	0	0	0	0	
1	0	0	0	0	1	478	0	0	0	0	
2	0	0	0	0	0	502	0	0	0	0	
3	0	0	0	0	0	486	0	0	0	0	
4	0	0	0	0	2	485	0	0	0	0	
5	0	0	0	0	0	524	0	0	0	0	
6	0	0	0	0	0	473	0	0	0	0	
7	0	0	0	0	0	474	0	0	0	0	
8	0	0	0	0	4	501	0	0	0	0	
9	0	0	0	0	0	488	0	0	0	0	
10	0	0	0	0	0	502	0	0	0	0	
11	0	0	0	0	0	507	0	0	0	0	
12	0	0	0	0	4	491	0	0	0	0	
13	0	0	0	0	0	516	0	0	0	0	
14	0	0	0	0	0	482	0	0	0	0	
15	0	0	0	0	0	484	0	0	0	0	
0	0	0	0	0	4	493	0	0	0	0	
1	0	0	0	0	0	514	0	0	0	0	
2	0	0	0	0	0	502	0	0	0	0	
3	0	0	0	0	0	495	0	0	0	0	
4	0	0	0	0	4	492	0	0	0	0	
5	0	0	0	0	0	501	0	0	0	0	
6	0	0	0	0	0	515	0	0	0	0	
7	0	0	0	0	0	499	0	0	0	0	
8	0	0	0	0	4	523	0	0	0	0	
9	0	0	0	0	1	537	0	0	0	0	
10	0	0	0	0	0	491	0	0	0	0	
11	0	0	0	0	1	498	0	0	0	0	
12	0	0	0	0	4	528	0	0	0	0	
13	0	0	0	0	0	511	0	0	0	0	
14	0	0	0	0	0	527	0	0	0	0	
15	0	0	0	0	0	540	1	0	0	0	
0	0	0	0	0	4	502	0	0	0	0	
1	0	0	0	0	0	544	0	0	0	0	
2	0	0	0	0	0	517	0	0	0	0	
3	0	0	0	0	0	515	0	0	0	0	
4	0	0	0	0	1	468	0	0	0	0	
5	0	0	0	0	1	496	0	0	0	0	
6	0	0	0	0	0	505	0	0	0	0	
7	0	0	0	0	0	457	0	0	0	0	
8	0	0	0	0	4	495	0	0	0	0	
9	0	0	0	0	1	495	0	0	0	0	
10	0	0	0	0	0	519	0	0	0	0	
11	0	0	0	0	0	499	0	0	0	0	
12	0	0	0	0	4	666	1	0	0	0	
13	0	0	0	0	0	835	1	0	0	0	
14	0	0	0	0	0	593	0	0	0	0	
15	0	0	0	0	0	537	0	0	0	0	
0	0	0	0	0	3	480	0	0	0	0	
1	0	0	0	0	1	432	0	0	0	0	
2	0	0	0	0	0	432	0	0	0	0	
3	0	0	0	0	0	475	0	0	0	0	
4	0	0	0	0	4	461	0	0	0	0	
5	0	0	0	0	1	451	0	0	0	0	
6	0	0	0	0	0	455	0	0	0	0	
7	0	0	0	0	0	448	0	0	0	0	
8	0	0	0	0	4	494	0	0	0	0	
9	0	0	0	0	0	505	0	0	0	0	
10	0	0	0	0	0	480	0	0	0	0	
11	0	0	0	0	0	483	0	0	0	0	
12	0	0	0	0	4	513	0	0	0	0	
13	0	0	0	0	0	495	0	0	0	0	
14	0	0	0	0	0	531	0	0	0	0	
15	0	0	0	0	0	497	0	0	0	0	
0	0	0	0	0	4	527	0	0	0	0	
1	0	0	0	0	0	527	0	0	0	0	
2	0	0	0	0	0	523	0	0	0	0	
3	0	0	0	0	0	536	0	0	0	0	
4	0	0	0	0	4	491	0	0	0	0	
5	0	0	0	0	0	537	0	0	0	0	
6	0	0	0	0	0	455	0	0	0	0	
7	0	0	0	0	1	517	0	0	0	0	
8	0	0	0	0	4	514	0	0	0	0	
9	0	0	0	0	0	495	0	0	0	0	
10	0	0	0	0	0	502	0	0	0	0	
11	0	0	0	0	0	456	0	0	0	0	
12	0	0	0	0	4	476	0	0	0	0	
13	0	0	0	0	1	472	0	0	0	0	
14	0	0	0	0	0	455	0	0	0	0	
15	0	0	0	0	0	489	0	0	0	0	
0	0	0	0	0	2	477	0	0	0	0	
1	0	0	0	0	0	478	0	0	0	0	
2	0	0	0	0	0	511	0	0	0	0	
3	0	0	0	0	0	523	0	0	0	0	
4	0	0	0	0	4	473	0	0	0	0	
5	0	0	0	0	0	500	0	0	0	0	
6	0	0	0	0	0	491	0	0	0	0	
7	0	0	0	0	0	489	0	0	0	0	
8	0	0	0	0	4	496	0	0	0	0	
9	0	0	0	0	0	492	0	0	0	0	
10	0	0	0	0	0	475	0	0	0	0	
11	0	0	0	0	0	519	0	0	0	0	
12	0	0	0	0	2	528	0	0	0	0	
13	0	0	0	0	1	510	0	0	0	0	
14	0	0	0	0	0	486	0	0	0	0	
15	0	0	0	0	0	507	0	0	0	0	
0	0	0	0	0	4	498	0	0	0	0	
1	0	0	0	0	1	467	0	0	0	0	
2	0	0	0	0	0	520	0	0	0	0	
3	0	0	0	0	0	511	0	0	0	0	
4	0	0	0	0	4	516	0	0	0	0	
5	0	0	0	0	0	509	0	0	0	0	
6	0	0	0	0	0	516	0	0	0	0	
7	0	0	0	0	0	491	0	0	0	0	
8	0	0	0	0	4	531	0	0	0	0	
9	0	0	0	0	0	494	0	0	0	0	
10	0	0	0	0	0	535	0	0	0	0	
11	0	0	0	0	0	555	1	0	0	0	
12	0	0	0	0	4	551	0	0	0	0	
13	0	0	0	0	0	529	0	0	0	0	
14	0	0	0	0	0	493	0	0	0	0	
15	0	0	0	0	0	530	1	0	0	0	
0	0	0	0	0	2	476	0	0	0	0	
1	0	0	0	0	0	495	0	0	0	0	
2	0	0	0	0	0	502	0	0	0	0	
3	0	0	0	0	1	496	0	0	0	0	
4	0	0	0	0	4	527	0	0	0	0	
5	0	0	0	0	0	473	0	0	0	0	
6	0	0	0	0	0	495	0	0	0	0	
7	0	0	0	0	0	517	0	0	0	0	
8	0	0	0	0	4	595	0	0	0	0	
9	0	0	0	0	1	819	1	0	0	0	
10	0	0	0	0	0	654	0	0	0	0	
11	0	0	0	0	0	516	0	0	0	0	
12	0	0	0	0	1	482	0	0	0	0	
13	0	0	0	0	0	460	0	0	0	0	
14	0	0	0	0	0	472	0	0	0	0	
15	0	0	0	0	0	464	0	0	0	0	
0	0	0	0	0	4	452	0	0	0	0	
1	0	0	0	0	1	480	0	0	0	0	
2	0	0	0	0	0	460	0	0	0	0	
3	0	0	0	0	0	477	0	0	0	0	
4	0	0	0	0	4	498	0	0	0	0	
5	0	0	0	0	1	513	0	0	0	0	
6	0	0	0	0	0	492	0	0	0	0	
7	0	0	0	0	0	509	0	0	0	0	
8	0	0	0	0	4	526	0	0	0	0	
9	0	0	0	0	1	483	0	0	0	0	
10	0	0	0	0	0	510	0	0	0	0	
11	0	0	0	0	0	516	0	0	0	0	
12	0	0	0	0	4	526	0	0	0	0	
13	0	0	0	0	1	538	0	0	0	0	
14	0	0	0	0	0	530	0	0	0	0	
15	0	0	0	0	0	555	1	0	0	0	
0	0	0	0	0	4	545	0	0	0	0	
1	0	0	0	0	0	505	0	0	0	0	
2	0	0	0	0	0	514	0	0	0	0	
3	0	0	0	0	0	510	0	0	0	0	
4	0	0	0	0	4	513	0	0	0	0	
5	0	0	0	0	1	514	0	0	0	0	
6	0	0	0	0	0	481	0	0	0	0	
7	0	0	0	0	0	489	0	0	0	0	
8	0	0	0	0	4	463	0	0	0	0	
9	0	0	0	0	0	508	0	0	0	0	
10	0	0	0	0	0	488	0	0	0	0	
11	0	0	0	0	0	474	0	0	0	0	
12	0	0	0	0	2	498	0	0	0	0	
13	0	0	0	0	0	468	0	0	0	0	
14	0	0	0	0	0	507	0	0	0	0	
15	0	0	0	0	0	484	0	0	0	0	
0	0	0	0	0	4	486	0	0	0	0	
1	0	0	0	0	0	509	0	0	0	0	
2	0	0	0	0	0	497	0	0	0	0	
3	0	0	0	0	1	503	0	0	0	0	
4	0	0	0	0	4	505	0	0	0	0	
5	0	0	0	0	0	503	0	0	0	0	
6	0	0	0	0	0	491	0	0	0	0	
7	0	0	0	0	0	499	0	0	0	0	
8	0	0	0	0	2	473	0	0	0	0	
9	0	0	0	0	0	503	0	0	0	0	
10	0	0	0	0	0	506	0	0	0	0	
11	0	0	0	0	0	515	0	0	0	0	
12	0	0	0	0	4	525	0	0	0	0	
13	0	0	0	0	0	478	0	0	0	0	
14	0	0	0	0	0	495	0	0	0	0	
15	0	0	0	0	0	511	0	0	0	0	
0	0	0	0	0	4	519	0	0	0	0	
1	0	0	0	0	1	501	0	0	0	0	
2	0	0	0	0	0	508	0	0	0	0	
3	0	0	0	0	0	510	0	0	0	0	
4	0	0	0	0	4	538	0	0	0	0	
5	0	0	0	0	0	510	0	0	0	0	
6	0	0	0	0	0	548	0	0	0	0	
7	0	0	0	0	0	537	1	0	0	0	
8	0	0	0	0	4	531	0	0	0	0	
9	0	0	0	0	0	535	0	0	0	0	
10	0	0	0	0	0	502	0	0	0	0	
11	0	0	0	0	0	467	0	0	0	0	
12	0	0	0	0	4	522	0	0	0	0	
13	0	0	0	0	0	476	0	0	0	0	
14	0	0	0	0	0	504	0	0	0	0	
15	0	0	0	0	0	473	0	0	0	0	
0	0	0	0	0	4	521	0	0	0	0	
1	0	0	0	0	0	481	0	0	0	0	
2	0	0	0	0	0	482	0	0	0	0	
3	0	0	0	0	0	679	1	0	0	0	
4	0	0	0	0	4	800	1	0	0	0	
5	0	0	0	0	0	570	0	0	0	0	
6	0	0	0	0	0	542	0	0	0	0	
7	0	0	0	0	0	495	0	0	0	0	
8	0	0	0	0	2	460	0	0	0	0	
9	0	0	0	0	1	406	0	0	0	0	
10	0	0	0	0	0	461	0	0	0	0	
11	0	0	0	0	0	467	0	0	0	0	
12	0	0	0	0	4	468	0	0	0	0	
13	0	0	0	0	1	498	0	0	0	0	
14	0	0	0	0	0	465	0	0	0	0	
15	0	0	0	0	0	515	0	0	0	0	
0	0	0	0	0	4	510	0	0	0	0	
1	0	0	0	0	0	505	0	0	0	0	
2	0	0	0	0	0	492	0	0	0	0	
3	0	0	0	0	0	484	0	0	0	0	
4	0	0	0	0	2	523	0	0	0	0	
5	0	0	0	0	0	500	0	0	0	0	
6	0	0	0	0	0	527	0	0	0	0	
7	0	0	0	0	0	522	1	0	0	0	
8	0	0	0	0	4	541	0	0	0	0	
9	0	0	0	0	0	504	0	0	0	0	
10	0	0	0	0	0	521	0	0	0	0	
11	0	0	0	0	1	519	0	0	0	0	
12	0	0	0	0	4	519	0	0	0	0	
13	0	0	0	0	0	548	0	0	0	0	
14	0	0	0	0	0	498	0	0	0	0	
15	0	0	0	0	0	523	0	0	0	0	
0	0	0	0	0	4	473	0	0	0	0	
1	0	0	0	0	1	470	0	0	0	0	
2	0	0	0	0	0	459	0	0	0	0	
3	0	0	0	0	0	459	0	0	0	0	
4	0	0	0	0	4	493	0	0	0	0	
5	0	0	0	0	0	521	0	0	0	0	
6	0	0	0	0	0	472	0	0	0	0	
7	0	0	0	0	0	511	0	0	0	0	
8	0	0	0	0	2	526	0	0	0	0	
9	0	0	0	0	0	512	0	0	0	0	
10	0	0	0	0	0	472	0	0	0	0	
11	0	0	0	0	0	501	0	0	0	0	
12	0	0	0	0	4	482	0	0	0	0	
13	0	0	0	0	0	487	0	0	0	0	
14	0	0	0	0	0	492	0	0	0	0	
15	0	0	0	0	0	532	1	0	0	0	
0	0	0	0	0	4	499	0	0	0	0	
1	0	0	0	0	0	521	0	0	0	0	
2	0	0	0	0	0	494	0	0	0	0	
3	0	0	0	0	0	503	0	0	0	0	
4	0	0	0	0	2	506	0	0	0	0	
5	0	0	0	0	0	516	0	0	0	0	
6	0	0	0	0	0	500	0	0	0	0	
7	0	0	0	0	0	528	1	0	0	0	
8	0	0	0	0	4	517	0	0	0	0	
9	0	0	0	0	0	521	0	0	0	0	
10	0	0	0	0	0	484	0	0	0	0	
11	0	0	0	0	0	496	0	0	0	0	
12	0	0	0	0	4	503	0	0	0	0	
13	0	0	0	0	0	545	0	0	0	0	
14	0	0	0	0	0	542	0	0	0	0	
15	0	0	0	0	1	551	0	0	0	0	
0	0	0	0	0	4	536	0	0	0	0	
1	0	0	0	0	0	539	0	0	0	0	
2	0	0	0	0	0	511	0	0	0	0	
3	0	0	0	0	0	476	0	0	0	0	
4	0	0	0	0	4	494	0	0	0	0	
5	0	0	0	0	0	493	0	0	0	0	
6	0	0	0	0	0	512	0	0	0	0	
7	0	0	0	0	1	520	0	0	0	0	
8	0	0	0	0	4	486	0	0	0	0	
9	0	0	0	0	0	515	0	0	0	0	
10	0	0	0	0	0	504	0	0	0	0	
11	0	0	0	0	0	472	0	0	0	0	
12	0	0	0	0	4	561	0	0	0	0	
13	0	0	0	0	0	804	1	0	0	0	
14	0	0	0	0	0	687	1	0	0	0	
15	0	0	0	0	0	564	1	0	0	0	
0	0	0	0	0	4	496	0	0	0	0	
1	0	0	0	0	0	457	0	0	0	0	
2	0	0	0	0	0	453	0	0	0	0	
3	0	0	0	0	0	469	0	0	0	0	
4	0	0	0	0	2	431	0	0	0	0	
5	0	0	0	0	0	478	0	0	0	0	
6	0	0	0	0	0	508	0	0	0	0	
7	0	0	0	0	0	501	0	0	0	0	
8	0	0	0	0	4	454	0	0	0	0	
9	0	0	0	0	1	477	0	0	0	0	
10	0	0	0	0	0	502	0	0	0	0	
11	0	0	0	0	1	484	0	0	0	0	
12	0	0	0	0	4	470	0	0	0	0	
13	0	0	0	0	1	516	0	0	0	0	
14	0	0	0	0	0	513	0	0	0	0	
15	0	0	0	0	0	513	0	0	0	0	
0	0	0	0	0	3	523	0	0	0	0	
1	0	0	0	0	0	524	0	0	0	0	
2	0	0	0	0	0	539	0	0	0	0	
3	0	0	0	0	0	484	0	0	0	0	
4	0	0	0	0	4	519	0	0	0	0	
5	0	0	0	0	0	523	0	0	0	0	
6	0	0	0	0	0	494	0	0	0	0	
7	0	0	0	0	0	515	0	0	0	0	
8	0	0	0	0	4	509	0	0	0	0	
9	0	0	0	0	0	504	0	0	0	0	
10	0	0	0	0	0	498	0	0	0	0	
11	0	0	0	0	0	491	0	0	0	0	
12	0	0	0	0	4	482	0	0	0	0	
13	0	0	0	0	0	490	0	0	0	0	
14	0	0	0	0	0	478	0	0	0	0	
15	0	0	0	0	0	473	0	0	0	0	
0	0	0	0	0	4	502	0	0	0	0	
1	0	0	0	0	0	489	0	0	0	0	
2	0	0	0	0	0	499	0	0	0	0	
3	0	0	0	0	1	508	0	0	0	0	
4	0	0	0	0	4	471	0	0	0	0	
5	0	0	0	0	0	522	0	0	0	0	
6	0	0	0	0	0	508	0	0	0	0	
7	0	0	0	0	1	496	0	0	0	0	
8	0	0	0	0	4	498	0	0	0	0	
9	0	0	0	0	0	527	0	0	0	0	
10	0	0	0	0	0	480	0	0	0	0	
11	0	0	0	0	0	502	0	0	0	0	
12	0	0	0	0	4	528	0	0	0	0	
13	0	0	0	0	1	519	0	0	0	0	
14	0	0	0	0	0	516	0	0	0	0	
15	0	0	0	0	0	512	1	0	0	0	
0	0	0	0	0	1	483	0	0	0	0	
1	0	0	0	0	0	496	0	0	0	0	
2	0	0	0	0	0	510	0	0	0	0	
3	0	0	0	0	0	523	0	0	0	0	
4	0	0	0	0	4	553	0	0	0	0	
5	0	0	0	0	0	520	0	0	0	0	
6	0	0	0	0	0	526	0	0	0	0	
7	0	0	0	0	0	522	0	0	0	0	
8	0	0	0	0	4	526	0	0	0	0	
9	0	0	0	0	0	507	0	0	0	0	
10	0	0	0	0	0	491	0	0	0	0	
11	0	0	0	0	1	503	0	0	0	0	
12	0	0	0	0	3	506	0	0	0	0	
13	0	0	0	0	0	497	0	0	0	0	
14	0	0	0	0	0	519	0	0	0	0	
15	0	0	0	0	0	493	0	0	0	0	
0	0	0	0	0	4	480	0	0	0	0	
1	0	0	0	0	1	546	0	0	0	0	
2	0	0	0	0	0	667	1	0	0	0	
3	0	0	0	0	0	795	2	0	0	0	
4	0	0	0	0	4	593	0	0	0	0	
5	0	0	0	0	0	502	0	0	0	0	
6	0	0	0	0	0	499	0	0	0	0	
7	0	0	0	0	0	417	0	0	0	0	
8	0	0	0	0	4	460	0	0	0	0	
9	0	0	0	0	0	475	0	0	0	0	
10	0	0	0	0	0	460	0	0	0	0	
11	0	0	0	0	0	485	0	0	0	0	
12	0	0	0	0	4	492	0	0	0	0	
13	0	0	0	0	0	469	0	0	0	0	
14	0	0	0	0	0	491	0	0	0	0	
15	0	0	0	0	0	470	0	0	0	0	
0	0	0	0	0	4	517	0	0	0	0	
1	0	0	0	0	0	503	0	0	0	0	
2	0	0	0	0	0	486	0	0	0	0	
3	0	0	0	0	0	522	1	0	0	0	
4	0	0	0	0	4	501	0	0	0	0	
5	0	0	0	0	0	529	0	0	0	0	
6	0	0	0	0	0	548	0	0	0	0	
7	0	0	0	0	0	506	0	0	0	0	
8	0	0	0	0	4	503	0	0	0	0	
9	0	0	0	0	0	519	0	0	0	0	
10	0	0	0	0	0	557	0	0	0	0	
11	0	0	0	0	0	543	0	0	0	0	
12	0	0	0	0	1	500	0	0	0	0	
13	0	0	0	0	0	493	0	0	0	0	
14	0	0	0	0	0	476	0	0	0	0	
15	0	0	0	0	0	478	0	0	0	0	
0	0	0	0	0	4	476	0	0	0	0	
1	0	0	0	0	0	501	0	0	0	0	
2	0	0	0	0	0	496	0	0	0	0	
3	0	0	0	0	0	499	0	0	0	0	
4	0	0	0	0	4	480	0	0	0	0	
5	0	0	0	0	1	478	0	0	0	0	
6	0	0	0	0	0	492	0	0	0	0	
7	0	0	0	0	0	496	0	0	0	0	
8	0	0	0	0	2	492	0	0	0	0	
9	0	0	0	0	0	500	0	0	0	0	
10	0	0	0	0	0	538	0	0	0	0	
11	0	0	0	0	0	510	0	0	0	0	
12	0	0	0	0	4	507	0	0	0	0	
13	0	0	0	0	0	509	0	0	0	0	
14	0	0	0	0	0	492	0	0	0	0	
15	0	0	0	0	0	498	0	0	0	0	
0	0	0	0	0	4	492	0	0	0	0	
1	0	0	0	0	0	488	0	0	0	0	
2	0	0	0	0	0	522	0	0	0	0	
3	0	0	0	0	0	503	1	0	0	0	
4	0	0	0	0	4	498	0	0	0	0	
5	0	0	0	0	0	510	0	0	0	0	
6	0	0	0	0	0	513	0	0	0	0	
7	0	0	0	0	0	558	1	0	0	0	
8	0	0	0	0	4	563	0	0	0	0	
9	0	0	0	0	0	515	0	0	0	0	
10	0	0	0	0	0	501	0	0	0	0	
11	0	0	0	0	0	485	0	0	0	0	
12	0	0	0	0	2	502	0	0	0	0	
13	0	0	0	0	0	498	0	0	0	0	
14	0	0	0	0	0	493	0	0	0	0	
15	0	0	0	0	0	513	0	0	0	0	
0	0	0	0	0	4	504	0	0	0	0	
1	0	0	0	0	0	517	0	0	0	0	
2	0	0	0	0	0	493	0	0	0	0	
3	0	0	0	0	0	477	0	0	0	0	
4	0	0	0	0	4	567	0	0	0	0	
5	0	0	0	0	0	773	1	0	0	0	
6	0	0	0	0	0	692	1	0	0	0	
7	0	0	0	0	0	552	0	0	0	0	
8	0	0	0	0	1	491	0	0	0	0	
9	0	0	0	0	0	476	0	0	0	0	
10	0	0	0	0	0	463	0	0	0	0	
11	0	0	0	0	0	462	0	0	0	0	
12	0	0	0	0	4	473	0	0	0	0	
13	0	0	0	0	0	476	0	0	0	0	
14	0	0	0	0	0	475	0	0	0	0	
15	0	0	0	0	1	475	0	0	0	0	
0	0	0	0	0	4	478	0	0	0	0	
1	0	0	0	0	0	488	0	0	0	0	
2	0	0	0	0	0	501	0	0	0	0	
3	0	0	0	0	0	491	0	0	0	0	
4	0	0	0	0	4	494	0	0	0	0	
5	0	0	0	0	0	513	0	0	0	0	
6	0	0	0	0	0	518	0	0	0	0	
7	0	0	0	0	0	519	0	0	0	0	
8	0	0	0	0	4	462	0	0	0	0	
9	0	0	0	0	0	567	0	0	0	0	
10	0	0	0	0	0	528	0	0	0	0	
11	0	0	0	0	0	518	1	0	0	0	
12	0	0	0	0	4	527	0	0	0	0	
13	0	0	0	0	1	501	0	0	0	0	
14	0	0	0	0	0	545	0	0	0	0	
15	0	0	0	0	0	486	0	0	0	0	
0	0	0	0	0	4	515	0	0	0	0	
1	0	0	0	0	0	494	0	0	0	0	
2	0	0	0	0	0	486	0	0	0	0	
3	0	0	0	0	0	506	1	0	0	0	
4	0	0	0	0	4	478	0	0	0	0	
5	0	0	0	0	0	457	0	0	0	0	
6	0	0	0	0	0	484	0	0	0	0	
7	0	0	0	0	1	480	0	0	0	0	
8	0	0	0	0	2	507	0	0	0	0	
9	0	0	0	0	0	502	0	0	0	0	
10	0	0	0	0	0	503	0	0	0	0	
11	0	0	0	0	0	510	0	0	0	0	
12	0	0	0	0	4	508	0	0	0	0	
13	0	0	0	0	0	510	0	0	0	0	
14	0	0	0	0	0	522	0	0	0	0	
15	0	0	0	0	0	500	1	0	0	0	
0	0	0	0	0	4	510	0	0	0	0	
1	0	0	0	0	0	483	0	0	0	0	
2	0	0	0	0	0	506	0	0	0	0	
3	0	0	0	0	0	510	0	0	0	0	
4	0	0	0	0	1	515	0	0	0	0	
5	0	0	0	0	0	476	0	0	0	0	
6	0	0	0	0	0	504	0	0	0	0	
7	0	0	0	0	0	565	1	0	0	0	
8	0	0	0	0	4	512	0	0	0	0	
9	0	0	0	0	0	556	0	0	0	0	
10	0	0	0	0	0	529	0	0	0	0	
11	0	0	0	0	1	516	1	0	0	0	
12	0	0	0	0	4	508	0	0	0	0	
13	0	0	0	0	1	473	0	0	0	0	
14	0	0	0	0	0	488	0	0	0	0	
15	0	0	0	0	0	516	0	0	0	0	
0	0	0	0	0	4	528	0	0	0	0	
1	0	0	0	0	0	492	0	0	0	0	
2	0	0	0	0	0	468	0	0	0	0	
3	0	0	0	0	0	507	1	0	0	0	
4	0	0	0	0	4	473	0	0	0	0	
5	0	0	0	0	0	539	0	0	0	0	
6	0	0	0	0	0	673	1	0	0	0	
7	0	0	0	0	0	780	2	0	0	0	
8	0	0	0	0	4	594	0	0	0	0	
9	0	0	0	0	0	558	0	0	0	0	
10	0	0	0	0	0	465	0	0	0	0	
11	0	0	0	0	0	444	0	0	0	0	
12	0	0	0	0	4	452	0	0	0	0	
13	0	0	0	0	0	459	0	0	0	0	
14	0	0	0	0	0	463	0	0	0	0	
15	0	0	0	0	0	453	0	0	0	0	
0	0	0	0	0	4	463	0	0	0	0	
1	0	0	0	0	0	481	0	0	0	0	
2	0	0	0	0	0	479	0	0	0	0	
3	0	0	0	0	1	477	0	0	0	0	
4	0	0	0	0	2	492	0	0	0	0	
5	0	0	0	0	0	518	0	0	0	0	
6	0	0	0	0	0	488	0	0	0	0	
7	0	0	0	0	0	523	1	0	0	0	
8	0	0	0	0	4	521	0	0	0	0	
9	0	0	0	0	0	500	0	0	0	0	
10	0	0	0	0	0	522	0	0	0	0	
11	0	0	0	0	0	523	1	0	0	0	
12	0	0	0	0	4	532	0	0	0	0	
13	0	0	0	0	0	515	0	0	0	0	
14	0	0	0	0	0	524	0	0	0	0	
15	0	0	0	0	0	487	0	0	0	0	
0	0	0	0	0	1	527	0	0	0	0	
1	0	0	0	0	0	512	0	0	0	0	
2	0	0	0	0	0	509	0	0	0	0	
3	0	0	0	0	0	489	1	0	0	0	
4	0	0	0	0	4	509	0	0	0	0	
5	0	0	0	0	0	464	0	0	0	0	
6	0	0	0	0	0	504	0	0	0	0	
7	0	0	0	0	0	478	0	0	0	0	
8	0	0	0	0	4	507	0	0	0	0	
9	0	0	0	0	0	486	0	0	0	0	
10	0	0	0	0	0	453	0	0	0	0	
11	0	0	0	0	0	536	0	0	0	0	
12	0	0	0	0	4	504	0	0	0	0	
13	0	0	0	0	0	519	0	0	0	0	
14	0	0	0	0	0	486	0	0	0	0	
15	0	0	0	0	0	485	0	0	0	0	
0	0	0	0	0	4	510	0	0	0	0	
1	0	0	0	0	0	512	0	0	0	0	
2	0	0	0	0	0	494	0	0	0	0	
3	0	0	0	0	0	514	0	0	0	0	
4	0	0	0	0	1	504	0	0	0	0	
5	0	0	0	0	0	500	0	0	0	0	
6	0	0	0	0	0	495	0	0	0	0	
7	0	0	0	0	0	530	1	0	0	0	
8	0	0	0	0	4	508	0	0	0	0	
9	0	0	0	0	0	504	0	0	0	0	
10	0	0	0	0	0	523	0	0	0	0	
11	0	0	0	0	0	506	0	0	0	0	
12	0	0	0	0	4	490	0	0	0	0	
13	0	0	0	0	1	534	0	0	0	0	
14	0	0	0	0	0	508	0	0	0	0	
15	0	0	0	0	0	526	0	0	0	0	
0	0	0	0	0	2	543	0	0	0	0	
1	0	0	0	0	0	522	0	0	0	0	
2	0	0	0	0	0	550	0	0	0	0	
3	0	0	0	0	1	512	1	0	0	0	
4	0	0	0	0	4	507	0	0	0	0	
5	0	0	0	0	0	493	0	0	0	0	
6	0	0	0	0	0	492	0	0	0	0	
7	0	0	0	0	0	485	0	0	0	0	
8	0	0	0	0	4	515	0	0	0	0	
9	0	0	0	0	0	493	0	0	0	0	
10	0	0	0	0	0	512	0	0	0	0	
11	0	0	0	0	0	486	0	0	0	0	
12	0	0	0	0	4	492	0	0	0	0	
13	0	0	0	0	0	512	0	0	0	0	
14	0	0	0	0	0	765	1	0	0	0	
15	0	0	0	0	0	738	1	0	0	0	
0	0	0	0	0	4	569	0	0	0	0	
1	0	0	0	0	0	549	0	0	0	0	
2	0	0	0	0	0	488	0	0	0	0	
3	0	0	0	0	0	460	0	0	0	0	
4	0	0	0	0	4	432	0	0	0	0	
5	0	0	0	0	0	468	0	0	0	0	
6	0	0	0	0	0	430	0	0	0	0	
7	0	0	0	0	0	468	0	0	0	0	
8	0	0	0	0	4	505	0	0	0	0	
9	0	0	0	0	0	508	0	0	0	0	
10	0	0	0	0	0	499	0	0	0	0	
11	0	0	0	0	0	491	0	0	0	0	
12	0	0	0	0	4	484	0	0	0	0	
13	0	0	0	0	0	503	0	0	0	0	
14	0	0	0	0	0	478	0	0	0	0	
15	0	0	0	0	0	503	0	0	0	0	
0	0	0	0	0	1	496	0	0	0	0	
1	0	0	0	0	0	560	0	0	0	0	
2	0	0	0	0	0	532	0	0	0	0	
3	0	0	0	0	0	540	1	0	0	0	
4	0	0	0	0	4	514	0	0	0	0	
5	0	0	0	0	0	502	0	0	0	0	
6	0	0	0	0	0	536	0	0	0	0	
7	0	0	0	0	0	502	1	0	0	0	
8	0	0	0	0	4	497	0	0	0	0	
9	0	0	0	0	1	524	0	0	0	0	
10	0	0	0	0	0	539	0	0	0	0	
11	0	0	0	0	0	498	0	0	0	0	
12	0	0	0	0	3	482	0	0	0	0	
13	0	0	0	0	0	446	0	0	0	0	
14	0	0	0	0	0	490	0	0	0	0	
15	0	0	0	0	0	474	0	0	0	0	
0	0	0	0	0	4	483	0	0	0	0	
1	0	0	0	0	0	455	0	0	0	0	
2	0	0	0	0	0	494	0	0	0	0	
3	0	0	0	0	0	535	1	0	0	0	
4	0	0	0	0	4	506	0	0	0	0	
5	0	0	0	0	0	474	0	0	0	0	
6	0	0	0	0	0	505	0	0	0	0	
7	0	0	0	0	0	489	0	0	0	0	
8	0	0	0	0	4	497	0	0	0	0	
9	0	0	0	0	0	493	0	0	0	0	
10	0	0	0	0	0	526	0	0	0	0	
11	0	0	0	0	0	483	1	0	0	0	
12	0	0	0	0	4	504	0	0	0	0	
13	0	0	0	0	0	503	0	0	0	0	
14	0	0	0	0	0	514	0	0	0	0	
15	0	0	0	0	0	529	1	0	0	0	
0	0	0	0	0	4	510	0	0	0	0	
1	0	0	0	0	0	524	0	0	0	0	
2	0	0	0	0	0	505	0	0	0	0	
3	0	0	0	0	0	512	1	0	0	0	
4	0	0	0	0	4	529	0	0	0	0	
5	0	0	0	0	0	499	0	0	0	0	
6	0	0	0	0	0	530	0	0	0	0	
7	0	0	0	0	0	577	1	0	0	0	
8	0	0	0	0	4	480	0	0	0	0	
9	0	0	0	0	0	543	0	0	0	0	
10	0	0	0	0	0	535	0	0	0	0	
11	0	0	0	0	0	491	0	0	0	0	
12	0	0	0	0	1	494	0	0	0	0	
13	0	0	0	0	0	490	0	0	0	0	
14	0	0	0	0	0	527	0	0	0	0	
15	0	0	0	0	0	510	0	0	0	0	
0	0	0	0	0	4	491	0	0	0	0	
1	0	0	0	0	0	494	0	0	0	0	
2	0	0	0	0	0	503	0	0	0	0	
3	0	0	0	0	0	501	1	0	0	0	
4	0	0	0	0	4	522	0	0	0	0	
5	0	0	0	0	0	608	0	0	0	0	
6	0	0	0	0	0	753	1	0	0	0	
7	0	0	0	0	0	591	1	0	0	0	
8	0	0	0	0	2	536	0	0	0	0	
9	0	0	0	0	0	499	0	0	0	0	
10	0	0	0	0	0	484	0	0	0	0	
11	0	0	0	0	0	451	0	0	0	0	
12	0	0	0	0	4	484	0	0	0	0	
13	0	0	0	0	0	502	0	0	0	0	
14	0	0	0	0	0	497	0	0	0	0	
15	0	0	0	0	0	462	0	0	0	0	
0	0	0	0	0	4	481	0	0	0	0	
1	0	0	0	0	0	493	0	0	0	0	
2	0	0	0	0	0	496	0	0	0	0	
3	0	0	0	0	0	503	0	0	0	0	
4	0	0	0	0	4	528	0	0	0	0	
5	0	0	0	0	0	502	0	0	0	0	
6	0	0	0	0	0	508	0	0	0	0	
7	0	0	0	0	0	533	1	0	0	0	
8	0	0	0	0	4	528	0	0	0	0	
9	0	0	0	0	0	544	0	0	0	0	
10	0	0	0	0	0	518	0	0	0	0	
11	0	0	0	0	0	523	1	0	0	0	
12	0	0	0	0	4	543	0	0	0	0	
13	0	0	0	0	0	518	0	0	0	0	
14	0	0	0	0	0	534	0	0	0	0	
15	0	0	0	0	0	519	1	0	0	0	
0	0	0	0	0	4	449	0	0	0	0	
1	0	0	0	0	0	479	0	0	0	0	
2	0	0	0	0	0	516	0	0	0	0	
3	0	0	0	0	0	486	0	0	0	0	
4	0	0	0	0	4	498	0	0	0	0	
5	0	0	0	0	0	499	0	0	0	0	
6	0	0	0	0	0	489	0	0	0	0	
7	0	0	0	0	0	481	0	0	0	0	
8	0	0	0	0	1	530	0	0	0	0	
9	0	0	0	0	0	515	0	0	0	0	
10	0	0	0	0	0	477	0	0	0	0	
11	0	0	0	0	0	494	1	0	0	0	
12	0	0	0	0	4	502	0	0	0	0	
13	0	0	0	0	0	485	0	0	0	0	
14	0	0	0	0	0	489	0	0	0	0	
15	0	0	0	0	0	495	0	0	0	0	
0	0	0	0	0	4	495	0	0	0	0	
1	0	0	0	0	0	527	0	0	0	0	
2	0	0	0	0	0	524	0	0	0	0	
3	0	0	0	0	0	536	0	0	0	0	
4	0	0	0	0	2	496	0	0	0	0	
5	0	0	0	0	0	490	0	0	0	0	
6	0	0	0	0	0	527	0	0	0	0	
7	0	0	0	0	0	523	1	0	0	0	
8	0	0	0	0	4	556	0	0	0	0	
9	0	0	0	0	0	513	0	0	0	0	
10	0	0	0	0	0	504	0	0	0	0	
11	0	0	0	0	0	521	1	0	0	0	
12	0	0	0	0	4	512	0	0	0	0	
13	0	0	0	0	0	515	0	0	0	0	
14	0	0	0	0	0	497	0	0	0	0	
15	0	0	0	0	0	498	0	0	0	0	
0	0	0	0	0	4	480	0	0	0	0	
1	0	0	0	0	0	470	0	0	0	0	
2	0	0	0	0	0	523	0	0	0	0	
3	0	0	0	0	0	512	0	0	0	0	
4	0	0	0	0	4	499	0	0	0	0	
5	0	0	0	0	0	520	0	0	0	0	
6	0	0	0	0	0	555	0	0	0	0	
7	0	0	0	0	0	595	1	0	0	0	
8	0	0	0	0	2	538	0	0	0	0	
9	0	0	0	0	0	467	0	0	0	0	
10	0	0	0	0	0	497	0	0	0	0	
11	0	0	0	0	0	514	0	0	0	0	
12	0	0	0	0	4	487	0	0	0	0	
13	0	0	0	0	0	508	0	0	0	0	
14	0	0	0	0	0	499	0	0	0	0	
15	0	0	0	0	0	464	0	0	0	0	
0	0	0	0	0	4	523	0	0	0	0	
1	0	0	0	0	0	485	0	0	0	0	
2	0	0	0	0	0	480	0	0	0	0	
3	0	0	0	0	0	516	0	0	0	0	
4	0	0	0	0	1	555	0	0	0	0	
5	0	0	0	0	0	504	0	0	0	0	
6	0	0	0	0	0	541	0	0	0	0	
7	0	0	0	0	0	498	0	0	0	0	
8	0	0	0	0	4	504	0	0	0	0	
9	0	0	0	0	0	498	0	0	0	0	
10	0	0	0	0	0	548	0	0	0	0	
11	0	0	0	0	0	519	1	0	0	0	
12	0	0	0	0	4	540	0	0	0	0	
13	0	0	0	0	0	520	0	0	0	0	
14	0	0	0	0	0	531	0	0	0	0	
15	0	0	0	0	0	484	0	0	0	0	
0	0	0	0	0	4	528	0	0	0	0	
1	0	0	0	0	0	480	0	0	0	0	
2	0	0	0	0	0	488	0	0	0	0	
3	0	0	0	0	0	499	0	0	0	0	
4	0	0	0	0	4	497	0	0	0	0	
5	0	0	0	0	0	471	0	0	0	0	
6	0	0	0	0	0	499	0	0	0	0	
7	0	0	0	0	0	459	0	0	0	0	
8	0	0	0	0	4	443	0	0	0	0	
9	0	0	0	0	0	517	0	0	0	0	
10	0	0	0	0	0	496	0	0	0	0	
11	0	0	0	0	0	468	0	0	0	0	
12	0	0	0	0	4	495	0	0	0	0	
13	0	0	0	0	0	503	0	0	0	0	
14	0	0	0	0	0	523	0	0	0	0	
15	0	0	0	0	0	499	1	0	0	0	
0	0	0	0	0	4	480	0	0	0	0	
1	0	0	0	0	0	529	0	0	0	0	
2	0	0	0	0	0	485	0	0	0	0	
3	0	0	0	0	0	513	1	0	0	0	
4	0	0	0	0	2	466	0	0	0	0	
5	0	0	0	0	0	543	0	0	0	0	
6	0	0	0	0	0	524	0	0	0	0	
7	0	0	0	0	0	515	0	0	0	0	
8	0	0	0	0	4	536	0	0	0	0	
9	0	0	0	0	0	522	0	0	0	0	
10	0	0	0	0	0	533	0	0	0	0	
11	0	0	0	0	0	497	0	0	0	0	
12	0	0	0	0	4	475	0	0	0	0	
13	0	0	0	0	0	513	0	0	0	0	
14	0	0	0	0	0	492	0	0	0	0	
15	0	0	0	0	0	508	0	0	0	0	
0	0	0	0	0	2	493	0	0	0	0	
1	0	0	0	0	0	476	0	0	0	0	
2	0	0	0	0	0	513	0	0	0	0	
3	0	0	0	0	0	504	0	0	0	0	
4	0	0	0	0	4	495	0	0	0	0	
5	0	0	0	0	0	527	0	0	0	0	
6	0	0	0	0	0	608	0	0	0	0	
7	0	0	0	0	0	599	1	0	0	0	
8	0	0	0	0	4	485	0	0	0	0	
9	0	0	0	0	0	494	0	0	0	0	
10	0	0	0	0	0	481	0	0	0	0	
11	0	0	0	0	0	490	0	0	0	0	
12	0	0	0	0	4	521	0	0	0	0	
13	0	0	0	0	0	473	0	0	0	0	
14	0	0	0	0	0	513	0	0	0	0	
15	0	0	0	0	0	492	0	0	0	0	
0	0	0	0	0	4	492	0	0	0	0	
1	0	0	0	0	0	513	0	0	0	0	
2	0	0	0	0	0	494	0	0	0	0	
3	0	0	0	0	0	476	0	0	0	0	
4	0	0	0	0	4	526	0	0	0	0	
5	0	0	0	0	0	504	0	0	0	0	
6	0	0	0	0	0	515	0	0	0	0	
7	0	0	0	0	0	475	0	0	0	0	
8	0	0	0	0	4	527	0	0	0	0	
9	0	0	0	0	0	532	0	0	0	0	
10	0	0	0	0	0	547	0	0	0	0	
11	0	0	0	0	0	546	1	0	0	0	
12	0	0	0	0	4	535	0	0	0	0	
13	0	0	0	0	0	521	0	0	0	0	
14	0	0	0	0	0	500	0	0	0	0	
15	0	0	0	0	0	492	0	0	0	0	
0	0	0	0	0	2	525	0	0	0	0	
1	0	0	0	0	0	493	0	0	0	0	
2	0	0	0	0	0	498	0	0	0	0	
3	0	0	0	0	0	516	0	0	0	0	
4	0	0	0	0	4	493	0	0	0	0	
5	0	0	0	0	0	492	0	0	0	0	
6	0	0	0	0	0	491	0	0	0	0	
7	0	0	0	0	0	484	0	0	0	0	
8	0	0	0	0	4	470	0	0	0	0	
9	0	0	0	0	0	505	0	0	0	0	
10	0	0	0	0	0	513	0	0	0	0	
11	0	0	0	0	0	529	0	0	0	0	
12	0	0	0	0	2	511	0	0	0	0	
13	0	0	0	0	0	505	0	0	0	0	
14	0	0	0	0	0	491	0	0	0	0	
15	0	0	0	0	0	488	0	0	0	0	
0	0	0	0	0	4	510	0	0	0	0	
1	0	0	0	0	0	496	0	0	0	0	
2	0	0	0	0	0	517	0	0	0	0	
3	0	0	0	0	0	499	0	0	0	0	
4	0	0	0	0	4	517	0	0	0	0	
5	0	0	0	0	0	461	0	0	0	0	
6	0	0	0	0	0	505	0	0	0	0	
7	0	0	0	0	0	474	0	0	0	0	
8	0	0	0	0	4	525	0	0	0	0	
9	0	0	0	0	0	538	0	0	0	0	
10	0	0	0	0	0	524	0	0	0	0	
11	0	0	0	0	0	539	1	0	0	0	
12	0	0	0	0	4	520	0	0	0	0	
13	0	0	0	0	0	500	0	0	0	0	
14	0	0	0	0	0	524	0	0	0	0	
15	0	0	0	0	0	474	0	0	0	0	
0	0	0	0	0	2	478	0	0	0	0	
1	0	0	0	0	0	488	0	0	0	0	
2	0	0	0	0	0	531	0	0	0	0	
3	0	0	0	0	0	507	0	0	0	0	
4	0	0	0	0	4	510	0	0	0	0	
5	0	0	0	0	0	503	0	0	0	0	
6	0	0	0	0	0	543	0	0	0	0	
7	0	0	0	0	0	576	1	0	0	0	
8	0	0	0	0	4	647	1	0	0	0	
9	0	0	0	0	0	557	0	0	0	0	
10	0	0	0	0	0	503	0	0	0	0	
11	0	0	0	0	0	483	0	0	0	0	
12	0	0	0	0	2	494	0	0	0	0	
13	0	0	0	0	0	506	0	0	0	0	
14	0	0	0	0	0	480	0	0	0	0	
15	0	0	0	0	0	519	1	0	0	0	
0	0	0	0	0	4	495	0	0	0	0	
1	0	0	0	0	0	500	0	0	0	0	
2	0	0	0	0	0	478	0	0	0	0	
3	0	0	0	0	0	511	1	0	0	0	
4	0	0	0	0	4	474	0	0	0	0	
5	0	0	0	0	0	524	0	0	0	0	
6	0	0	0	0	0	495	0	0	0	0	
7	0	0	0	0	0	523	0	0	0	0	
8	0	0	0	0	4	518	0	0	0	0	
9	0	0	0	0	0	544	0	0	0	0	
10	0	0	0	0	0	483	0	0	0	0	
11	0	0	0	0	0	541	1	0	0	0	
12	0	0	0	0	4	494	0	0	0	0	
13	0	0	0	0	0	532	0	0	0	0	
14	0	0	0	0	0	541	0	0	0	0	
15	0	0	0	0	0	513	1	0	0	0	
0	0	0	0	0	4	531	0	0	0	0	
1	0	0	0	0	0	529	0	0	0	0	
2	0	0	0	0	0	526	0	0	0	0	
3	0	0	0	0	0	476	0	0	0	0	
4	0	0	0	0	4	496	0	0	0	0	
5	0	0	0	0	0	496	0	0	0	0	
6	0	0	0	0	0	478	0	0	0	0	
7	0	0	0	0	0	496	1	0	0	0	
8	0	0	0	0	4	520	0	0	0	0	
9	0	0	0	0	0	485	0	0	0	0	
10	0	0	0	0	0	478	0	0	0	0	
11	0	0	0	0	0	512	1	0	0	0	
12	0	0	0	0	1	458	0	0	0	0	
13	0	0	0	0	0	507	0	0	0	0	
14	0	0	0	0	0	507	0	0	0	0	
15	0	0	0	0	0	496	0	0	0	0	
0	0	0	0	0	4	555	0	0	0	0	
1	0	0	0	0	1	506	0	0	0	0	
2	0	0	0	0	0	506	0	0	0	0	
3	0	0	0	0	0	497	1	0	0	0	
4	0	0	0	0	4	492	0	0	0	0	
5	0	0	0	0	0	506	0	0	0	0	
6	0	0	0	0	0	516	0	0	0	0	
7	0	0	0	0	0	529	0	0	0	0	
8	0	0	0	0	2	511	0	0	0	0	
9	0	0	0	0	0	507	0	0	0	0	
10	0	0	0	0	0	495	0	0	0	0	
11	0	0	0	0	0	499	1	0	0	0	
12	0	0	0	0	4	547	0	0	0	0	
13	0	0	0	0	0	505	0	0	0	0	
14	0	0	0	0	0	494	0	0	0	0	
15	0	0	0	0	0	494	0	0	0	0	
0	0	0	0	0	4	519	0	0	0	0	
1	0	0	0	0	0	474	0	0	0	0	
2	0	0	0	0	0	556	0	0	0	0	
3	0	0	0	0	0	495	0	0	0	0	
4	0	0	0	0	4	483	0	0	0	0	
5	0	0	0	0	0	485	0	0	0	0	
6	0	0	0	0	0	483	0	0	0	0	
7	0	0	0	0	0	500	0	0	0	0	
8	0	0	0	0	4	598	0	0	0	0	
9	0	0	0	0	0	718	1	0	0	0	
10	0	0	0	0	0	601	0	0	0	0	
11	0	0	0	0	0	510	0	0	0	0	
12	0	0	0	0	4	458	0	0	0	0	
13	0	0	0	0	0	479	0	0	0	0	
14	0	0	0	0	0	466	0	0	0	0	
15	0	0	0	0	0	463	0	0	0	0	
0	0	0	0	0	4	474	0	0	0	0	
1	0	0	0	0	0	468	0	0	0	0	
2	0	0	0	0	0	477	0	0	0	0	
3	0	0	0	0	0	511	0	0	0	0	
4	0	0	0	0	4	470	0	0	0	0	
5	0	0	0	0	0	488	0	0	0	0	
6	0	0	0	0	0	507	0	0	0	0	
7	0	0	0	0	0	475	0	0	0	0	
8	0	0	0	0	1	520	0	0	0	0	
9	0	0	0	0	0	505	0	0	0	0	
10	0	0	0	0	0	498	0	0	0	0	
11	0	0	0	0	0	475	0	0	0	0	
12	0	0	0	0	4	516	0	0	0	0	
13	0	0	0	0	0	537	0	0	0	0	
14	0	0	0	0	0	534	0	0	0	0	
15	0	0	0	0	0	528	1	0	0	0	
0	0	0	0	0	4	524	0	0	0	0	
1	0	0	0	0	0	515	0	0	0	0	
2	0	0	0	0	0	512	0	0	0	0	
3	0	0	0	0	1	489	0	0	0	0	
4	0	0	0	0	2	487	0	0	0	0	
5	0	0	0	0	0	486	0	0	0	0	
6	0	0	0	0	0	514	0	0	0	0	
7	0	0	0	0	0	500	1	0	0	0	
8	0	0	0	0	4	498	0	0	0	0	
9	0	0	0	0	0	497	0	0	0	0	
10	0	0	0	0	0	465	0	0	0	0	
11	0	0	0	0	0	491	0	0	0	0	
12	0	0	0	0	4	499	0	0	0	0	
13	0	0	0	0	0	488	0	0	0	0	
14	0	0	0	0	0	525	0	0	0	0	
15	0	0	0	0	1	474	0	0	0	0	
0	0	0	0	0	4	457	0	0	0	0	
1	0	0	0	0	0	494	0	0	0	0	
2	0	0	0	0	0	476	0	0	0	0	
3	0	0	0	0	0	469	0	0	0	0	
4	0	0	0	0	4	472	0	0	0	0	
5	0	0	0	0	0	481	0	0	0	0	
6	0	0	0	0	0	476	0	0	0	0	
7	0	0	0	0	0	503	1	0	0	0	
8	0	0	0	0	4	491	0	0	0	0	
9	0	0	0	0	0	476	0	0	0	0	
10	0	0	0	0	0	500	0	0	0	0	
11	0	0	0	0	0	480	0	0	0	0	
12	0	0	0	0	4	445	0	0	0	0	
13	0	0	0	0	0	535	0	0	0	0	
14	0	0	0	0	0	491	0	0	0	0	
15	0	0	0	0	0	508	1	0	0	0	
0	0	0	0	0	4	521	0	0	0	0	
1	0	0	0	0	0	480	0	0	0	0	
2	0	0	0	0	0	495	0	0	0	0	
3	0	0	0	0	0	530	0	0	0	0	
4	0	0	0	0	1	508	0	0	0	0	
5	0	0	0	0	0	488	0	0	0	0	
6	0	0	0	0	0	482	0	0	0	0	
7	0	0	0	0	0	516	0	0	0	0	
8	0	0	0	0	4	494	0	0	0	0	
9	0	0	0	0	0	500	0	0	0	0	
10	0	0	0	0	0	476	0	0	0	0	
11	0	0	0	0	0	509	0	0	0	0	
12	0	0	0	0	4	542	0	0	0	0	
13	0	0	0	0	0	693	0	0	0	0	
14	0	0	0	0	0	707	1	0	0	0	
15	0	0	0	0	0	538	0	0	0	0	
0	0	0	0	0	2	505	0	0	0	0	
1	0	0	0	0	0	500	0	0	0	0	
2	0	0	0	0	0	459	0	0	0	0	
3	0	0	0	0	0	488	0	0	0	0	
4	0	0	0	0	4	452	0	0	0	0	
5	0	0	0	0	0	480	0	0	0	0	
6	0	0	0	0	0	476	0	0	0	0	
7	0	0	0	0	0	499	0	0	0	0	
8	0	0	0	0	4	492	0	0	0	0	
9	0	0	0	0	0	473	0	0	0	0	
10	0	0	0	0	0	522	0	0	0	0	
11	0	0	0	0	0	492	0	0	0	0	
12	0	0	0	0	4	542	0	0	0	0	
13	0	0	0	0	0	507	0	0	0	0	
14	0	0	0	0	0	512	0	0	0	0	
15	0	0	0	0	0	511	0	0	0	0	
0	0	0	0	0	4	534	0	0	0	0	
1	0	0	0	0	0	514	0	0	0	0	
2	0	0	0	0	0	530	0	0	0	0	
3	0	0	0	0	0	515	0	0	0	0	
4	0	0	0	0	2	559	0	0	0	0	
5	0	0	0	0	0	562	0	0	0	0	
6	0	0	0	0	0	570	0	0	0	0	
7	0	0	0	0	1	470	0	0	0	0	
8	0	0	0	0	4	511	0	0	0	0	
9	0	0	0	0	0	489	0	0	0	0	
10	0	0	0	0	0	467	0	0	0	0	
11	0	0	0	0	0	515	0	0	0	0	
12	0	0	0	0	4	499	0	0	0	0	
13	0	0	0	0	0	513	0	0	0	0	
14	0	0	0	0	0	490	0	0	0	0	
15	0	0	0	0	0	462	0	0	0	0	
0	0	0	0	0	2	503	0	0	0	0	
1	0	0	0	0	0	491	0	0	0	0	
2	0	0	0	0	0	491	0	0	0	0	
3	0	0	0	0	0	518	0	0	0	0	
4	0	0	0	0	4	509	0	0	0	0	
5	0	0	0	0	0	537	0	0	0	0	
6	0	0	0	0	0	507	0	0	0	0	
7	0	0	0	0	0	484	0	0	0	0	
8	0	0	0	0	4	478	0	0	0	0	
9	0	0	0	0	0	482	0	0	0	0	
10	0	0	0	0	0	523	0	0	0	0	
11	0	0	0	0	0	507	0	0	0	0	
12	0	0	0	0	4	520	0	0	0	0	
13	0	0	0	0	0	542	0	0	0	0	
14	0	0	0	0	0	472	0	0	0	0	
15	0	0	0	0	0	526	1	0	0	0	
0	0	0	0	0	4	530	0	0	0	0	
1	0	0	0	0	0	517	0	0	0	0	
2	0	0	0	0	0	523	0	0	0	0	
3	0	0	0	0	0	499	0	0	0	0	
4	0	0	0	0	4	512	0	0	0	0	
5	0	0	0	0	0	531	0	0	0	0	
6	0	0	0	0	0	535	0	0	0	0	
7	0	0	0	0	0	548	1	0	0	0	
8	0	0	0	0	4	528	0	0	0	0	
9	0	0	0	0	0	543	0	0	0	0	
10	0	0	0	0	0	528	0	0	0	0	
11	0	0	0	0	0	524	1	0	0	0	
12	0	0	0	0	4	471	0	0	0	0	
13	0	0	0	0	0	524	0	0	0	0	
14	0	0	0	0	0	532	0	0	0	0	
15	0	0	0	0	1	479	0	0	0	0	
0	0	0	0	0	2	482	0	0	0	0	
1	0	0	0	0	0	513	0	0	0	0	
2	0	0	0	0	0	483	0	0	0	0	
3	0	0	0	0	0	512	0	0	0	0	
4	0	0	0	0	4	630	0	0	0	0	
5	0	0	0	0	0	756	1	0	0	0	
6	0	0	0	0	0	620	0	0	0	0	
7	0	0	0	0	0	508	0	0	0	0	
8	0	0	0	0	4	452	0	0	0	0	
9	0	0	0	0	0	492	0	0	0	0	
10	0	0	0	0	0	461	0	0	0	0	
11	0	0	0	0	0	460	0	0	0	0	
12	0	0	0	0	1	467	0	0	0	0	
13	0	0	0	0	0	478	0	0	0	0	
14	0	0	0	0	0	474	0	0	0	0	
15	0	0	0	0	0	499	1	0	0	0	
0	0	0	0	0	4	542	0	0	0	0	
1	0	0	0	0	0	546	0	0	0	0	
2	0	0	0	0	0	462	0	0	0	0	
3	0	0	0	0	0	458	0	0	0	0	
4	0	0	0	0	4	497	0	0	0	0	
5	0	0	0	0	0	483	0	0	0	0	
6	0	0	0	0	0	524	0	0	0	0	
7	0	0	0	0	0	536	0	0	0	0	
8	0	0	0	0	4	538	0	0	0	0	
9	0	0	0	0	0	515	0	0	0	0	
10	0	0	0	0	0	536	0	0	0	0	
11	0	0	0	0	0	543	1	0	0	0	
12	0	0	0	0	4	497	0	0	0	0	
13	0	0	0	0	0	515	0	0	0	0	
14	0	0	0	0	0	537	0	0	0	0	
15	0	0	0	0	0	526	1	0	0	0	
0	0	0	0	0	4	495	0	0	0	0	
1	0	0	0	0	0	519	0	0	0	0	
2	0	0	0	0	0	485	0	0	0	0	
3	0	0	0	0	0	488	0	0	0	0	
4	0	0	0	0	4	467	0	0	0	0	
5	0	0	0	0	0	490	0	0	0	0	
6	0	0	0	0	0	479	0	0	0	0	
7	0	0	0	0	0	503	0	0	0	0	
8	0	0	0	0	4	517	0	0	0	0	
9	0	0	0	0	0	491	0	0	0	0	
10	0	0	0	0	0	525	0	0	0	0	
11	0	0	0	0	0	490	0	0	0	0	
12	0	0	0	0	2	528	0	0	0	0	
13	0	0	0	0	0	518	0	0	0	0	
14	0	0	0	0	0	485	0	0	0	0	
15	0	0	0	0	1	502	0	0	0	0	
0	0	0	0	0	4	524	0	0	0	0	
1	0	0	0	0	0	497	0	0	0	0	
2	0	0	0	0	0	509	0	0	0	0	
3	0	0	0	0	0	504	0	0	0	0	
4	0	0	0	0	4	535	0	0	0	0	
5	0	0	0	0	0	496	0	0	0	0	
6	0	0	0	0	0	528	0	0	0	0	
7	0	0	0	0	0	517	0	0	0	0	
8	0	0	0	0	1	527	0	0	0	0	
9	0	0	0	0	0	484	0	0	0	0	
10	0	0	0	0	0	518	0	0	0	0	
11	0	0	0	0	0	494	0	0	0	0	
12	0	0	0	0	4	541	0	0	0	0	
13	0	0	0	0	0	504	0	0	0	0	
14	0	0	0	0	0	513	0	0	0	0	
15	0	0	0	0	0	531	1	0	0	0	
0	0	0	0	0	4	544	0	0	0	0	
1	0	0	0	0	0	500	0	0	0	0	
2	0	0	0	0	0	508	0	0	0	0	
3	0	0	0	0	0	559	0	0	0	0	
4	0	0	0	0	4	540	0	0	0	0	
5	0	0	0	0	0	535	0	0	0	0	
6	0	0	0	0	0	522	0	0	0	0	
7	0	0	0	0	0	520	1	0	0	0	
8	0	0	0	0	4	517	0	0	0	0	
9	0	0	0	0	0	482	0	0	0	0	
10	0	0	0	0	0	521	0	0	0	0	
11	0	0	0	0	0	483	0	0	0	0	
12	0	0	0	0	1	510	0	0	0	0	
13	0	0	0	0	0	499	0	0	0	0	
14	0	0	0	0	0	481	0	0	0	0	
15	0	0	0	0	0	516	0	0	0	0	
0	0	0	0	0	4	575	0	0	0	0	
1	0	0	0	0	1	787	1	0	0	0	
2	0	0	0	0	0	679	1	0	0	0	
3	0	0	0	0	0	549	1	0	0	0	
4	0	0	0	0	4	495	0	0	0	0	
5	0	0	0	0	0	478	0	0	0	0	
6	0	0	0	0	0	451	0	0	0	0	
7	0	0	0	0	0	475	0	0	0	0	
8	0	0	0	0	2	467	0	0	0	0	
9	0	0	0	0	0	496	0	0	0	0	
10	0	0	0	0	0	486	0	0	0	0	
11	0	0	0	0	0	498	0	0	0	0	
12	0	0	0	0	4	467	0	0	0	0	
13	0	0	0	0	0	480	0	0	0	0	
14	0	0	0	0	0	487	0	0	0	0	
15	0	0	0	0	0	518	0	0	0	0	
0	0	0	0	0	4	519	0	0	0	0	
1	0	0	0	0	0	519	0	0	0	0	
2	0	0	0	0	0	460	0	0	0	0	
3	0	0	0	0	0	513	0	0	0	0	
4	0	0	0	0	4	512	0	0	0	0	
5	0	0	0	0	0	511	0	0	0	0	
6	0	0	0	0	0	516	0	0	0	0	
7	0	0	0	0	0	531	1	0	0	0	
8	0	0	0	0	4	537	0	0	0	0	
9	0	0	0	0	0	506	0	0	0	0	
10	0	0	0	0	0	515	0	0	0	0	
11	0	0	0	0	0	539	1	0	0	0	
12	0	0	0	0	4	493	0	0	0	0	
13	0	0	0	0	0	520	0	0	0	0	
14	0	0	0	0	0	479	0	0	0	0	
15	0	0	0	0	1	441	0	0	0	0	
0	0	0	0	0	4	473	0	0	0	0	
1	0	0	0	0	0	477	0	0	0	0	
2	0	0	0	0	0	536	0	0	0	0	
3	0	0	0	0	0	522	1	0	0	0	
4	0	0	0	0	4	481	0	0	0	0	
5	0	0	0	0	0	516	0	0	0	0	
6	0	0	0	0	0	491	0	0	0	0	
7	0	0	0	0	0	464	0	0	0	0	
8	0	0	0	0	1	486	0	0	0	0	
9	0	0	0	0	0	509	0	0	0	0	
10	0	0	0	0	0	521	0	0	0	0	
11	0	0	0	0	0	493	0	0	0	0	
12	0	0	0	0	4	506	0	0	0	0	
13	0	0	0	0	0	527	0	0	0	0	
14	0	0	0	0	0	476	0	0	0	0	
15	0	0	0	0	0	477	0	0	0	0	
0	0	0	0	0	4	533	0	0	0	0	
1	0	0	0	0	0	508	0	0	0	0	
2	0	0	0	0	0	522	0	0	0	0	
3	0	0	0	0	0	529	0	0	0	0	
4	0	0	0	0	2	505	0	0	0	0	
5	0	0	0	0	0	483	0	0	0	0	
6	0	0	0	0	0	500	0	0	0	0	
7	0	0	0	0	0	537	1	0	0	0	
8	0	0	0	0	4	522	0	0	0	0	
9	0	0	0	0	0	519	0	0	0	0	
10	0	0	0	0	0	509	0	0	0	0	
11	0	0	0	0	0	496	0	0	0	0	
12	0	0	0	0	4	492	0	0	0	0	
13	0	0	0	0	0	520	0	0	0	0	
14	0	0	0	0	0	525	0	0	0	0	
15	0	0	0	0	0	517	0	0	0	0	
0	0	0	0	0	4	519	0	0	0	0	
1	0	0	0	0	0	528	0	0	0	0	
2	0	0	0	0	0	512	0	0	0	0	
3	0	0	0	0	0	519	0	0	0	0	
4	0	0	0	0	4	513	0	0	0	0	
5	0	0	0	0	0	497	0	0	0	0	
6	0	0	0	0	0	505	0	0	0	0	
7	0	0	0	0	0	510	1	0	0	0	
8	0	0	0	0	4	530	0	0	0	0	
9	0	0	0	0	0	534	0	0	0	0	
10	0	0	0	0	0	534	0	0	0	0	
11	0	0	0	0	0	522	1	0	0	0	
12	0	0	0	0	4	534	0	0	0	0	
13	0	0	0	0	0	491	0	0	0	0	
14	0	0	0	0	0	449	0	0	0	0	
15	0	0	0	0	0	500	1	0	0	0	
0	0	0	0	0	4	512	0	0	0	0	
1	0	0	0	0	0	489	0	0	0	0	
2	0	0	0	0	0	493	0	0	0	0	
3	0	0	0	0	0	519	0	0	0	0	
4	0	0	0	0	1	494	0	0	0	0	
5	0	0	0	0	0	501	0	0	0	0	
6	0	0	0	0	0	698	1	0	0	0	
7	0	0	0	0	0	753	1	0	0	0	
8	0	0	0	0	4	598	0	0	0	0	
9	0	0	0	0	0	529	0	0	0	0	
10	0	0	0	0	0	465	0	0	0	0	
11	0	0	0	0	0	444	0	0	0	0	
12	0	0	0	0	4	450	0	0	0	0	
13	0	0	0	0	0	446	0	0	0	0	
14	0	0	0	0	0	471	0	0	0	0	
15	0	0	0	0	0	489	0	0	0	0	
0	0	0	0	0	2	458	0	0	0	0	
1	0	0	0	0	0	469	0	0	0	0	
2	0	0	0	0	0	523	0	0	0	0	
3	0	0	0	0	0	501	0	0	0	0	
4	0	0	0	0	4	475	0	0	0	0	
5	0	0	0	0	0	508	0	0	0	0	
6	0	0	0	0	0	491	0	0	0	0	
7	0	0	0	0	0	533	1	0	0	0	
8	0	0	0	0	4	467	0	0	0	0	
9	0	0	0	0	0	535	0	0	0	0	
10	0	0	0	0	0	508	0	0	0	0	
11	0	0	0	0	0	506	0	0	0	0	
12	0	0	0	0	4	546	0	0	0	0	
13	0	0	0	0	0	531	0	0	0	0	
14	0	0	0	0	0	525	0	0	0	0	
15	0	0	0	0	0	499	0	0	0	0	
0	0	0	0	0	4	526	0	0	0	0	
1	0	0	0	0	0	511	0	0	0	0	
2	0	0	0	0	0	520	0	0	0	0	
3	0	0	0	0	0	510	1	0	0	0	
4	0	0	0	0	4	499	0	0	0	0	
5	0	0	0	0	0	453	0	0	0	0	
6	0	0	0	0	0	482	0	0	0	0	
7	0	0	0	0	0	457	0	0	0	0	
8	0	0	0	0	4	516	0	0	0	0	
9	0	0	0	0	0	528	0	0	0	0	
10	0	0	0	0	0	503	0	0	0	0	
11	0	0	0	0	0	515	0	0	0	0	
12	0	0	0	0	4	490	0	0	0	0	
13	0	0	0	0	0	481	0	0	0	0	
14	0	0	0	0	0	479	0	0	0	0	
15	0	0	0	0	0	532	0	0	0	0	
0	0	0	0	0	2	503	0	0	0	0	
1	0	0	0	0	0	514	0	0	0	0	
2	0	0	0	0	0	506	0	0	0	0	
3	0	0	0	0	0	502	0	0	0	0	
4	0	0	0	0	4	510	0	0	0	0	
5	0	0	0	0	0	515	0	0	0	0	
6	0	0	0	0	0	500	0	0	0	0	
7	0	0	0	0	0	517	1	0	0	0	
8	0	0	0	0	4	519	0	0	0	0	
9	0	0	0	0	0	486	0	0	0	0	
10	0	0	0	0	0	513	0	0	0	0	
11	0	0	0	0	0	513	0	0	0	0	
12	0	0	0	0	2	492	0	0	0	0	
13	0	0	0	0	0	536	0	0	0	0	
14	0	0	0	0	0	518	0	0	0	0	
15	0	0	0	0	0	517	0	0	0	0	
0	0	0	0	0	4	523	0	0	0	0	
1	0	0	0	0	0	477	0	0	0	0	
2	0	0	0	0	0	532	0	0	0	0	
3	0	0	0	0	0	477	0	0	0	0	
4	0	0	0	0	4	523	0	0	0	0	
5	0	0	0	0	0	526	0	0	0	0	
6	0	0	0	0	0	508	0	0	0	0	
7	0	0	0	0	0	494	0	0	0	0	
8	0	0	0	0	4	524	0	0	0	0	
9	0	0	0	0	0	525	0	0	0	0	
10	0	0	0	0	0	521	0	0	0	0	
11	0	0	0	0	0	524	1	0	0	0	
12	0	0	0	0	4	496	0	0	0	0	
13	0	0	0	0	0	475	0	0	0	0	
14	0	0	0	0	0	509	0	0	0	0	
15	0	0	0	0	0	533	1	0	0	0	
0	0	0	0	0	2	513	0	0	0	0	
1	0	0	0	0	0	546	0	0	0	0	
2	0	0	0	0	0	531	0	0	0	0	
3	0	0	0	0	0	542	1	0	0	0	
4	0	0	0	0	4	528	0	0	0	0	
5	0	0	0	0	0	527	0	0	0	0	
6	0	0	0	0	0	513	0	0	0	0	
7	0	0	0	0	0	456	0	0	0	0	
8	0	0	0	0	4	506	0	0	0	0	
9	0	0	0	0	0	490	0	0	0	0	
10	0	0	0	0	0	518	0	0	0	0	
11	0	0	0	0	0	490	0	0	0	0	
12	0	0	0	0	2	511	0	0	0	0	
13	0	0	0	0	0	536	0	0	0	0	
14	0	0	0	0	0	480	0	0	0	0	
15	0	0	0	0	0	509	1	0	0	0	
0	0	0	0	0	4	679	1	0	0	0	
1	0	0	0	0	0	755	1	0	0	0	
2	0	0	0	0	0	585	0	0	0	0	
3	0	0	0	0	0	533	1	0	0	0	
4	0	0	0	0	4	465	0	0	0	0	
5	0	0	0	0	0	473	0	0	0	0	
6	0	0	0	0	0	465	0	0	0	0	
7	0	0	0	0	0	451	0	0	0	0	
8	0	0	0	0	4	447	0	0	0	0	
9	0	0	0	0	0	471	0	0	0	0	
10	0	0	0	0	0	484	0	0	0	0	
11	0	0	0	0	0	479	0	0	0	0	
12	0	0	0	0	4	499	0	0	0	0	
13	0	0	0	0	0	450	0	0	0	0	
14	0	0	0	0	0	500	0	0	0	0	
15	0	0	0	0	0	464	0	0	0	0	
0	0	0	0	0	4	536	0	0	0	0	
1	0	0	0	0	0	524	0	0	0	0	
2	0	0	0	0	0	514	0	0	0	0	
3	0	0	0	0	0	528	1	0	0	0	
4	0	0	0	0	4	482	0	0	0	0	
5	0	0	0	0	0	515	0	0	0	0	
6	0	0	0	0	0	539	0	0	0	0	
7	0	0	0	0	0	540	1	0	0	0	
8	0	0	0	0	4	531	0	0	0	0	
9	0	0	0	0	0	526	0	0	0	0	
10	0	0	0	0	0	515	0	0	0	0	
11	0	0	0	0	0	526	1	0	0	0	
12	0	0	0	0	2	465	0	0	0	0	
13	0	0	0	0	0	518	0	0	0	0	
14	0	0	0	0	0	469	0	0	0	0	
15	0	0	0	0	0	474	0	0	0	0	
0	0	0	0	0	4	501	0	0	0	0	
1	0	0	0	0	0	494	0	0	0	0	
2	0	0	0	0	0	467	0	0	0	0	
3	0	0	0	0	0	502	1	0	0	0	
4	0	0	0	0	4	498	0	0	0	0	
5	0	0	0	0	0	469	0	0	0	0	
6	0	0	0	0	0	515	0	0	0	0	
7	0	0	0	0	0	507	0	0	0	0	
8	0	0	0	0	1	522	0	0	0	0	
9	0	0	0	0	0	464	0	0	0	0	
10	0	0	0	0	0	501	0	0	0	0	
11	0	0	0	0	0	499	0	0	0	0	
12	0	0	0	0	4	526	0	0	0	0	
13	0	0	0	0	0	505	0	0	0	0	
14	0	0	0	0	0	509	0	0	0	0	
15	0	0	0	0	0	508	1	0	0	0	
0	0	0	0	0	4	472	0	0	0	0	
1	0	0	0	0	0	518	0	0	0	0	
2	0	0	0	0	0	542	0	0	0	0	
3	0	0	0	0	1	524	0	0	0	0	
4	0	0	0	0	4	520	0	0	0	0	
5	0	0	0	0	0	513	0	0	0	0	
6	0	0	0	0	0	433	0	0	0	0	
7	0	0	0	0	0	537	1	0	0	0	
8	0	0	0	0	4	467	0	0	0	0	
9	0	0	0	0	0	533	0	0	0	0	
10	0	0	0	0	0	545	0	0	0	0	
11	0	0	0	0	0	525	1	0	0	0	
12	0	0	0	0	4	528	0	0	0	0	
13	0	0	0	0	0	467	0	0	0	0	
14	0	0	0	0	0	534	0	0	0	0	
15	0	0	0	0	0	543	1	0	0	0	
0	0	0	0	0	4	558	0	0	0	0	
1	0	0	0	0	0	525	0	0	0	0	
2	0	0	0	0	0	562	0	0	0	0	
3	0	0	0	0	0	529	1	0	0	0	
4	0	0	0	0	4	531	0	0	0	0	
5	0	0	0	0	0	530	0	0	0	0	
6	0	0	0	0	0	529	0	0	0	0	
7	0	0	0	0	0	526	1	0	0	0	
8	0	0	0	0	2	580	0	0	0	0	
9	0	0	0	0	0	547	0	0	0	0	
10	0	0	0	0	0	538	0	0	0	0	
11	0	0	0	0	0	570	1	0	0	0	
12	0	0	0	0	4	551	0	0	0	0	
13	0	0	0	0	0	539	0	0	0	0	
14	0	0	0	0	0	545	0	0	0	0	
15	0	0	0	0	0	516	0	0	0	0	
0	0	0	0	0	4	516	0	0	0	0	
1	0	0	0	0	0	508	0	0	0	0	
2	0	0	0	0	0	520	0	0	0	0	
3	0	0	0	0	0	496	0	0	0	0	
4	0	0	0	0	1	510	0	0	0	0	
5	0	0	0	0	0	499	0	0	0	0	
6	0	0	0	0	0	524	0	0	0	0	
7	0	0	0	0	0	506	0	0	0	0	
8	0	0	0	0	4	521	0	0	0	0	
9	0	0	0	0	0	597	0	0	0	0	
10	0	0	0	0	0	763	1	0	0	0	
11	0	0	0	0	0	630	1	0	0	0	
12	0	0	0	0	4	561	0	0	0	0	
13	0	0	0	0	0	510	0	0	0	0	
14	0	0	0	0	0	459	0	0	0	0	
15	0	0	0	0	0	459	0	0	0	0	
0	0	0	0	0	4	459	0	0	0	0	
1	0	0	0	0	0	497	0	0	0	0	
2	0	0	0	0	0	462	0	0	0	0	
3	0	0	0	0	0	464	0	0	0	0	
4	0	0	0	0	4	462	0	0	0	0	
5	0	0	0	0	0	474	0	0	0	0	
6	0	0	0	0	0	479	0	0	0	0	
7	0	0	0	0	0	477	0	0	0	0	
8	0	0	0	0	1	508	0	0	0	0	
9	0	0	0	0	0	499	0	0	0	0	
10	0	0	0	0	0	494	0	0	0	0	
11	0	0	0	0	0	491	0	0	0	0	
12	0	0	0	0	4	515	0	0	0	0	
13	0	0	0	0	0	495	0	0	0	0	
14	0	0	0	0	0	493	0	0	0	0	
15	0	0	0	0	0	514	1	0	0	0	
0	0	0	0	0	4	504	0	0	0	0	
1	0	0	0	0	0	520	0	0	0	0	
2	0	0	0	0	0	496	0	0	0	0	
3	0	0	0	0	0	499	0	0	0	0	
4	0	0	0	0	2	470	0	0	0	0	
5	0	0	0	0	0	501	0	0	0	0	
6	0	0	0	0	0	454	0	0	0	0	
7	0	0	0	0	0	459	0	0	0	0	
8	0	0	0	0	4	457	0	0	0	0	
9	0	0	0	0	0	464	0	0	0	0	
10	0	0	0	0	0	474	0	0	0	0	
11	0	0	0	0	0	515	0	0	0	0	
12	0	0	0	0	4	448	0	0	0	0	
13	0	0	0	0	0	512	0	0	0	0	
14	0	0	0	0	0	486	0	0	0	0	
15	0	0	0	0	0	479	0	0	0	0	
0	0	0	0	0	4	467	0	0	0	0	
1	0	0	0	0	0	510	0	0	0	0	
2	0	0	0	0	0	483	0	0	0	0	
3	0	0	0	0	0	496	0	0	0	0	
4	0	0	0	0	4	495	0	0	0	0	
5	0	0	0	0	0	487	0	0	0	0	
6	0	0	0	0	0	462	0	0	0	0	
7	0	0	0	0	0	524	1	0	0	0	
8	0	0	0	0	4	504	0	0	0	0	
9	0	0	0	0	0	494	0	0	0	0	
10	0	0	0	0	0	509	0	0	0	0	
11	0	0	0	0	0	499	0	0	0	0	
12	0	0	0	0	4	484	0	0	0	0	
13	0	0	0	0	0	519	0	0	0	0	
14	0	0	0	0	0	513	0	0	0	0	
15	0	0	0	0	0	510	0	0	0	0	
0	0	0	0	0	4	506	0	0	0	0	
1	0	0	0	0	0	485	0	0	0	0	
2	0	0	0	0	0	496	0	0	0	0	
3	0	0	0	0	0	527	1	0	0	0	
4	0	0	0	0	1	509	0	0	0	0	
5	0	0	0	0	0	538	0	0	0	0	
6	0	0	0	0	0	477	0	0	0	0	
7	0	0	0	0	0	505	0	0	0	0	
8	0	0	0	0	4	510	0	0	0	0	
9	0	0	0	0	0	493	0	0	0	0	
10	0	0	0	0	0	535	0	0	0	0	
11	0	0	0	0	0	527	1	0	0	0	
12	0	0	0	0	4	487	0	0	0	0	
13	0	0	0	0	0	527	0	0	0	0	
14	0	0	0	0	0	521	0	0	0	0	
15	0	0	0	0	0	508	0	0	0	0	
0	0	0	0	0	2	520	0	0	0	0	
1	0	0	0	0	0	535	0	0	0	0	
2	0	0	0	0	0	521	0	0	0	0	
3	0	0	0	0	0	527	1	0	0	0	
4	0	0	0	0	4	522	0	0	0	0	
5	0	0	0	0	0	515	0	0	0	0	
6	0	0	0	0	0	533	0	0	0	0	
7	0	0	0	0	0	493	0	0	0	0	
8	0	0	0	0	4	553	0	0	0	0	
9	0	0	0	0	0	516	0	0	0	0	
10	0	0	0	0	0	523	0	0	0	0	
11	0	0	0	0	0	499	0	0	0	0	
12	0	0	0	0	4	500	0	0	0	0	
13	0	0	0	0	0	497	0	0	0	0	
14	0	0	0	0	0	526	0	0	0	0	
15	0	0	0	0	0	500	0	0	0	0	
0	0	0	0	0	4	498	0	0	0	0	
1	0	0	0	0	0	496	0	0	0	0	
2	0	0	0	0	0	515	0	0	0	0	
3	0	0	0	0	0	658	1	0	0	0	
4	0	0	0	0	4	794	1	0	0	0	
5	0	0	0	0	0	619	0	0	0	0	
6	0	0	0	0	0	515	0	0	0	0	
7	0	0	0	0	0	465	0	0	0	0	
8	0	0	0	0	4	467	0	0	0	0	
9	0	0	0	0	0	432	0	0	0	0	
10	0	0	0	0	0	459	0	0	0	0	
11	0	0	0	0	0	467	0	0	0	0	
12	0	0	0	0	4	457	0	0	0	0	
13	0	0	0	0	0	480	0	0	0	0	
14	0	0	0	0	0	489	0	0	0	0	
15	0	0	0	0	0	479	0	0	0	0	
0	0	0	0	0	1	495	0	0	0	0	
1	0	0	0	0	0	472	0	0	0	0	
2	0	0	0	0	0	494	0	0	0	0	
3	0	0	0	0	0	519	0	0	0	0	
4	0	0	0	0	4	493	0	0	0	0	
5	0	0	0	0	0	558	0	0	0	0	
6	0	0	0	0	0	493	0	0	0	0	
7	0	0	0	0	0	483	0	0	0	0	
8	0	0	0	0	4	513	0	0	0	0	
9	0	0	0	0	0	501	0	0	0	0	
10	0	0	0	0	0	495	0	0	0	0	
11	0	0	0	0	0	520	0	0	0	0	
12	0	0	0	0	2	511	0	0	0	0	
13	0	0	0	0	0	527	0	0	0	0	
14	0	0	0	0	0	555	0	0	0	0	
15	0	0	0	0	0	495	0	0	0	0	
0	0	0	0	0	4	463	0	0	0	0	
1	0	0	0	0	0	474	0	0	0	0	
2	0	0	0	0	0	493	0	0	0	0	
3	0	0	0	0	0	471	0	0	0	0	
4	0	0	0	0	4	492	0	0	0	0	
5	0	0	0	0	0	491	0	0	0	0	
6	0	0	0	0	0	499	0	0	0	0	
7	0	0	0	0	0	477	0	0	0	0	
8	0	0	0	0	4	505	0	0	0	0	
9	0	0	0	0	0	451	0	0	0	0	
10	0	0	0	0	0	515	0	0	0	0	
11	0	0	0	0	0	526	1	0	0	0	
12	0	0	0	0	4	523	0	0	0	0	
13	0	0	0	0	0	487	0	0	0	0	
14	0	0	0	0	0	488	0	0	0	0	
15	0	0	0	0	0	470	0	0	0	0	
0	0	0	0	0	2	486	0	0	0	0	
1	0	0	0	0	0	517	0	0	0	0	
2	0	0	0	0	0	522	0	0	0	0	
3	0	0	0	0	0	498	0	0	0	0	
4	0	0	0	0	4	511	0	0	0	0	
5	0	0	0	0	0	523	0	0	0	0	
6	0	0	0	0	0	473	0	0	0	0	
7	0	0	0	0	0	509	0	0	0	0	
8	0	0	0	0	4	499	0	0	0	0	
9	0	0	0	0	0	537	0	0	0	0	
10	0	0	0	0	0	494	0	0	0	0	
11	0	0	0	0	0	494	0	0	0	0	
12	0	0	0	0	1	558	0	0	0	0	
13	0	0	0	0	0	496	0	0	0	0	
14	0	0	0	0	0	517	0	0	0	0	
15	0	0	0	0	0	503	0	0	0	0	
0	0	0	0	0	4	508	0	0	0	0	
1	0	0	0	0	0	498	0	0	0	0	
2	0	0	0	0	0	519	0	0	0	0	
3	0	0	0	0	0	507	0	0	0	0	
4	0	0	0	0	4	511	0	0	0	0	
5	0	0	0	0	0	517	0	0	0	0	
6	0	0	0	0	0	532	0	0	0	0	
7	0	0	0	0	0	479	0	0	0	0	
8	0	0	0	0	2	527	0	0	0	0	
9	0	0	0	0	0	496	0	0	0	0	
10	0	0	0	0	0	504	0	0	0	0	
11	0	0	0	0	0	532	1	0	0	0	
12	0	0	0	0	4	533	0	0	0	0	
13	0	0	0	0	0	555	0	0	0	0	
14	0	0	0	0	0	543	0	0	0	0	
15	0	0	0	0	0	517	0	0	0	0	
0	0	0	0	0	4	525	0	0	0	0	
1	0	0	0	0	0	514	0	0	0	0	
2	0	0	0	0	0	499	0	0	0	0	
3	0	0	0	0	0	495	0	0	0	0	
4	0	0	0	0	4	488	0	0	0	0	
5	0	0	0	0	0	512	0	0	0	0	
6	0	0	0	0	0	521	0	0	0	0	
7	0	0	0	0	0	509	0	0	0	0	
8	0	0	0	0	4	479	0	0	0	0	
9	0	0	0	0	0	491	0	0	0	0	
10	0	0	0	0	0	517	0	0	0	0	
11	0	0	0	0	0	671	1	0	0	0	
12	0	0	0	0	2	796	1	0	0	0	
13	0	0	0	0	0	592	0	0	0	0	
14	0	0	0	0	0	568	0	0	0	0	
15	0	0	0	0	0	504	0	0	0	0	
0	0	0	0	0	4	446	0	0	0	0	
1	0	0	0	0	0	458	0	0	0	0	
2	0	0	0	0	0	435	0	0	0	0	
3	0	0	0	0	0	440	0	0	0	0	
4	0	0	0	0	4	481	0	0	0	0	
5	0	0	0	0	0	479	0	0	0	0	
6	0	0	0	0	0	460	0	0	0	0	
7	0	0	0	0	0	465	0	0	0	0	
8	0	0	0	0	1	476	0	0	0	0	
9	0	0	0	0	0	488	0	0	0	0	
10	0	0	0	0	0	511	0	0	0	0	
11	0	0	0	0	0	488	0	0	0	0	
12	0	0	0	0	4	491	0	0	0	0	
13	0	0	0	0	0	514	0	0	0	0	
14	0	0	0	0	0	502	0	0	0	0	
15	0	0	0	0	0	514	1	0	0	0	
0	0	0	0	0	4	508	0	0	0	0	
1	0	0	0	0	0	504	0	0	0	0	
2	0	0	0	0	0	494	0	0	0	0	
3	0	0	0	0	0	522	0	0	0	0	
4	0	0	0	0	4	521	0	0	0	0	
5	0	0	0	0	0	496	0	0	0	0	
6	0	0	0	0	0	497	0	0	0	0	
7	0	0	0	0	0	491	0	0	0	0	
8	0	0	0	0	4	493	0	0	0	0	
9	0	0	0	0	0	465	0	0	0	0	
10	0	0	0	0	0	471	0	0	0	0	
11	0	0	0	0	0	472	0	0	0	0	
12	0	0	0	0	4	476	0	0	0	0	
13	0	0	0	0	0	469	0	0	0	0	
14	0	0	0	0	0	475	0	0	0	0	
15	0	0	0	0	0	468	0	0	0	0	
0	0	0	0	0	4	510	0	0	0	0	
1	0	0	0	0	0	448	0	0	0	0	
2	0	0	0	0	0	492	0	0	0	0	
3	0	0	0	0	0	453	0	0	0	0	
4	0	0	0	0	4	507	0	0	0	0	
5	0	0	0	0	0	511	0	0	0	0	
6	0	0	0	0	0	498	0	0	0	0	
7	0	0	0	0	0	486	0	0	0	0	
8	0	0	0	0	2	484	0	0	0	0	
9	0	0	0	0	0	517	0	0	0	0	
10	0	0	0	0	0	497	0	0	0	0	
11	0	0	0	0	0	525	0	0	0	0	
12	0	0	0	0	4	483	0	0	0	0	
13	0	0	0	0	0	527	0	0	0	0	
14	0	0	0	0	0	534	0	0	0	0	
15	0	0	0	0	0	524	1	0	0	0	
0	0	0	0	0	4	521	0	0	0	0	
1	0	0	0	0	0	500	0	0	0	0	
2	0	0	0	0	0	529	0	0	0	0	
3	0	0	0	0	0	546	0	0	0	0	
4	0	0	0	0	1	513	0	0	0	0	
5	0	0	0	0	0	515	0	0	0	0	
6	0	0	0	0	0	553	0	0	0	0	
7	0	0	0	0	0	498	0	0	0	0	
8	0	0	0	0	4	511	0	0	0	0	
9	0	0	0	0	0	538	0	0	0	0	
10	0	0	0	0	0	475	0	0	0	0	
11	0	0	0	0	0	564	1	0	0	0	
12	0	0	0	0	4	531	0	0	0	0	
13	0	0	0	0	0	483	0	0	0	0	
14	0	0	0	0	0	547	0	0	0	0	
15	0	0	0	0	0	545	0	0	0	0	
0	0	0	0	0	4	546	0	0	0	0	
1	0	0	0	0	0	512	0	0	0	0	
2	0	0	0	0	0	547	0	0	0	0	
3	0	0	0	0	0	528	1	0	0	0	
4	0	0	0	0	4	564	0	0	0	0	
5	0	0	0	0	0	551	0	0	0	0	
6	0	0	0	0	0	519	0	0	0	0	
7	0	0	0	0	0	463	0	0	0	0	
8	0	0	0	0	4	493	0	0	0	0	
9	0	0	0	0	0	503	0	0	0	0	
10	0	0	0	0	0	507	0	0	0	0	
11	0	0	0	0	0	524	1	0	0	0	
12	0	0	0	0	4	513	0	0	0	0	
13	0	0	0	0	0	499	0	0	0	0	
14	0	0	0	0	0	536	0	0	0	0	
15	0	0	0	0	0	725	1	0	0	0	
0	0	0	0	0	4	737	1	0	0	0	
1	0	0	0	0	0	574	0	0	0	0	
2	0	0	0	0	0	527	0	0	0	0	
3	0	0	0	0	0	474	0	0	0	0	
4	0	0	0	0	2	478	0	0	0	0	
5	0	0	0	0	0	473	0	0	0	0	
6	0	0	0	0	0	483	0	0	0	0	
7	0	0	0	0	0	477	0	0	0	0	
8	0	0	0	0	4	441	0	0	0	0	
9	0	0	0	0	0	474	0	0	0	0	
10	0	0	0	0	0	496	0	0	0	0	
11	0	0	0	0	0	508	1	0	0	0	
12	0	0	0	0	4	485	0	0	0	0	
13	0	0	0	0	0	494	0	0	0	0	
14	0	0	0	0	0	511	0	0	0	0	
15	0	0	0	0	0	494	0	0	0	0	
0	0	0	0	0	1	518	0	0	0	0	
1	0	0	0	0	0	487	0	0	0	0	
2	0	0	0	0	0	519	0	0	0	0	
3	0	0	0	0	0	538	1	0	0	0	
4	0	0	0	0	4	532	0	0	0	0	
5	0	0	0	0	0	522	0	0	0	0	
6	0	0	0	0	0	528	0	0	0	0	
7	0	0	0	0	0	555	1	0	0	0	
8	0	0	0	0	4	517	0	0	0	0	
9	0	0	0	0	0	517	0	0	0	0	
10	0	0	0	0	0	514	0	0	0	0	
11	0	0	0	0	0	480	0	0	0	0	
12	0	0	0	0	4	474	0	0	0	0	
13	0	0	0	0	0	501	0	0	0	0	
14	0	0	0	0	0	495	0	0	0	0	
15	0	0	0	0	0	516	0	0	0	0	
0	0	0	0	0	4	503	0	0	0	0	
1	0	0	0	0	0	486	0	0	0	0	
2	0	0	0	0	0	480	0	0	0	0	
3	0	0	0	0	0	508	1	0	0	0	
4	0	0	0	0	1	483	0	0	0	0	
5	0	0	0	0	0	490	0	0	0	0	
6	0	0	0	0	0	513	0	0	0	0	
7	0	0	0	0	0	476	0	0	0	0	
8	0	0	0	0	4	530	0	0	0	0	
9	0	0	0	0	0	508	0	0	0	0	
10	0	0	0	0	0	500	0	0	0	0	
11	0	0	0	0	0	502	1	0	0	0	
12	0	0	0	0	4	518	0	0	0	0	
13	0	0	0	0	0	483	0	0	0	0	
14	0	0	0	0	0	478	0	0	0	0	
15	0	0	0	0	0	500	0	0	0	0	
0	0	0	0	0	2	510	0	0	0	0	
1	0	0	0	0	0	527	0	0	0	0	
2	0	0	0	0	0	499	0	0	0	0	
3	0	0	0	0	0	498	0	0	0	0	
4	0	0	0	0	4	517	0	0	0	0	
5	0	0	0	0	0	517	0	0	0	0	
6	0	0	0	0	0	500	0	0	0	0	
7	0	0	0	0	0	500	0	0	0	0	
8	0	0	0	0	4	520	0	0	0	0	
9	0	0	0	0	0	534	0	0	0	0	
10	0	0	0	0	0	494	0	0	0	0	
11	0	0	0	0	0	499	0	0	0	0	
12	0	0	0	0	4	499	0	0	0	0	
13	0	0	0	0	0	518	0	0	0	0	
14	0	0	0	0	0	521	0	0	0	0	
15	0	0	0	0	0	517	1	0	0	0	
0	0	0	0	0	4	530	0	0	0	0	
1	0	0	0	0	0	527	0	0	0	0	
2	0	0	0	0	0	545	0	0	0	0	
3	0	0	0	0	0	511	0	0	0	0	
4	0	0	0	0	4	524	0	0	0	0	
5	0	0	0	0	0	539	0	0	0	0	
6	0	0	0	0	0	483	0	0	0	0	
7	0	0	0	0	0	494	0	0	0	0	
8	0	0	0	0	4	502	0	0	0	0	
9	0	0	0	0	0	497	0	0	0	0	
10	0	0	0	0	0	470	0	0	0	0	
11	0	0	0	0	0	496	0	0	0	0	
12	0	0	0	0	4	506	0	0	0	0	
13	0	0	0	0	0	489	0	0	0	0	
14	0	0	0	0	0	487	0	0	0	0	
15	0	0	0	0	0	589	1	0	0	0	
0	0	0	0	0	1	764	1	0	0	0	
1	0	0	0	0	0	652	0	0	0	0	
2	0	0	0	0	0	534	0	0	0	0	
3	0	0	0	0	0	515	0	0	0	0	
4	0	0	0	0	4	482	0	0	0	0	
5	0	0	0	0	0	440	0	0	0	0	
6	0	0	0	0	0	472	0	0	0	0	
7	0	0	0	0	0	457	0	0	0	0	
8	0	0	0	0	4	469	0	0	0	0	
9	0	0	0	0	0	476	0	0	0	0	
10	0	0	0	0	0	485	0	0	0	0	
11	0	0	0	0	0	501	0	0	0	0	
12	0	0	0	0	2	484	0	0	0	0	
13	0	0	0	0	0	497	0	0	0	0	
14	0	0	0	0	0	491	0	0	0	0	
15	0	0	0	0	0	480	0	0	0	0	
0	0	0	0	0	4	519	0	0	0	0	
1	0	0	0	0	0	543	0	0	0	0	
2	0	0	0	0	0	511	0	0	0	0	
3	0	0	0	0	0	515	0	0	0	0	
4	0	0	0	0	4	534	0	0	0	0	
5	0	0	0	0	0	502	0	0	0	0	
6	0	0	0	0	0	508	0	0	0	0	
7	0	0	0	0	0	537	0	0	0	0	
8	0	0	0	0	4	539	0	0	0	0	
9	0	0	0	0	0	518	0	0	0	0	
10	0	0	0	0	0	526	0	0	0	0	
11	0	0	0	0	0	495	0	0	0	0	
12	0	0	0	0	4	500	0	0	0	0	
13	0	0	0	0	0	494	0	0	0	0	
14	0	0	0	0	0	499	0	0	0	0	
15	0	0	0	0	0	463	0	0	0	0	
0	0	0	0	0	4	479	0	0	0	0	
1	0	0	0	0	0	462	0	0	0	0	
2	0	0	0	0	0	498	0	0	0	0	
3	0	0	0	0	0	519	1	0	0	0	
4	0	0	0	0	4	472	0	0	0	0	
5	0	0	0	0	0	511	0	0	0	0	
6	0	0	0	0	0	495	0	0	0	0	
7	0	0	0	0	0	515	1	0	0	0	
8	0	0	0	0	4	468	0	0	0	0	
9	0	0	0	0	0	518	0	0	0	0	
10	0	0	0	0	0	476	0	0	0	0	
11	0	0	0	0	0	481	0	0	0	0	
12	0	0	0	0	1	535	0	0	0	0	
13	0	0	0	0	0	520	0	0	0	0	
14	0	0	0	0	0	491	0	0	0	0	
15	0	0	0	0	0	481	0	0	0	0	
0	0	0	0	0	4	495	0	0	0	0	
1	0	0	0	0	0	513	0	0	0	0	
2	0	0	0	0	0	478	0	0	0	0	
3	0	0	0	0	0	518	0	0	0	0	
4	0	0	0	0	4	530	0	0	0	0	
5	0	0	0	0	0	508	0	0	0	0	
6	0	0	0	0	0	504	0	0	0	0	
7	0	0	0	0	0	486	0	0	0	0	
8	0	0	0	0	2	500	0	0	0	0	
9	0	0	0	0	0	510	0	0	0	0	
10	0	0	0	0	0	535	0	0	0	0	
11	0	0	0	0	0	533	0	0	0	0	
12	0	0	0	0	4	533	0	0	0	0	
13	0	0	0	0	0	527	0	0	0	0	
14	0	0	0	0	0	527	0	0	0	0	
15	0	0	0	0	0	526	0	0	0	0	
0	0	0	0	0	4	506	0	0	0	0	
1	0	0	0	0	0	536	0	0	0	0	
2	0	0	0	0	0	492	0	0	0	0	
3	0	0	0	0	0	487	0	0	0	0	
4	0	0	0	0	4	504	0	0	0	0	
5	0	0	0	0	0	493	0	0	0	0	
6	0	0	0	0	0	517	0	0	0	0	
7	0	0	0	0	0	502	0	0	0	0	
8	0	0	0	0	4	476	0	0	0	0	
9	0	0	0	0	0	506	0	0	0	0	
10	0	0	0	0	0	480	0	0	0	0	
11	0	0	0	0	0	563	1	0	0	0	
12	0	0	0	0	2	798	1	0	0	0	
13	0	0	0	0	0	653	0	0	0	0	
14	0	0	0	0	0	525	0	0	0	0	
15	0	0	0	0	0	484	0	0	0	0	
0	0	0	0	0	4	477	0	0	0	0	
1	0	0	0	0	0	451	0	0	0	0	
2	0	0	0	0	0	458	0	0	0	0	
3	0	0	0	0	0	467	0	0	0	0	
4	0	0	0	0	4	469	0	0	0	0	
5	0	0	0	0	0	477	0	0	0	0	
6	0	0	0	0	0	470	0	0	0	0	
7	0	0	0	0	0	496	0	0	0	0	
8	0	0	0	0	1	483	0	0	0	0	
9	0	0	0	0	0	478	0	0	0	0	
10	0	0	0	0	0	476	0	0	0	0	
11	0	0	0	0	0	512	0	0	0	0	
12	0	0	0	0	4	509	0	0	0	0	
13	0	0	0	0	0	513	0	0	0	0	
14	0	0	0	0	0	507	0	0	0	0	
15	0	0	0	0	0	509	1	0	0	0	
0	0	0	0	0	4	515	0	0	0	0	
1	0	0	0	0	0	536	0	0	0	0	
2	0	0	0	0	0	559	0	0	0	0	
3	0	0	0	0	0	514	0	0	0	0	
4	0	0	0	0	2	543	0	0	0	0	
5	0	0	0	0	0	506	0	0	0	0	
6	0	0	0	0	0	535	0	0	0	0	
7	0	0	0	0	0	483	0	0	0	0	
8	0	0	0	0	4	502	0	0	0	0	
9	0	0	0	0	0	521	0	0	0	0	
10	0	0	0	0	0	502	0	0	0	0	
11	0	0	0	0	0	470	0	0	0	0	
12	0	0	0	0	4	448	0	0	0	0	
13	0	0	0	0	0	501	0	0	0	0	
14	0	0	0	0	0	496	0	0	0	0	
15	0	0	0	0	0	483	0	0	0	0	
0	0	0	0	0	4	480	0	0	0	0	
1	0	0	0	0	0	499	0	0	0	0	
2	0	0	0	0	0	498	0	0	0	0	
3	0	0	0	0	0	537	1	0	0	0	
4	0	0	0	0	4	489	0	0	0	0	
5	0	0	0	0	0	495	0	0	0	0	
6	0	0	0	0	0	485	0	0	0	0	
7	0	0	0	0	0	506	0	0	0	0	
8	0	0	0	0	2	498	0	0	0	0	
9	0	0	0	0	0	519	0	0	0	0	
10	0	0	0	0	0	508	0	0	0	0	
11	0	0	0	0	0	517	1	0	0	0	
12	0	0	0	0	4	510	0	0	0	0	
13	0	0	0	0	0	502	0	0	0	0	
14	0	0	0	0	0	495	0	0	0	0	
15	0	0	0	0	0	523	1	0	0	0	
0	0	0	0	0	4	515	0	0	0	0	
1	0	0	0	0	0	481	0	0	0	0	
2	0	0	0	0	0	524	0	0	0	0	
3	0	0	0	0	0	502	0	0	0	0	
4	0	0	0	0	1	535	0	0	0	0	
5	0	0	0	0	0	505	0	0	0	0	
6	0	0	0	0	0	534	0	0	0	0	
7	0	0	0	0	0	533	0	0	0	0	
8	0	0	0	0	4	522	0	0	0	0	
9	0	0	0	0	0	536	0	0	0	0	
10	0	0	0	0	0	543	0	0	0	0	
11	0	0	0	0	0	523	1	0	0	0	
12	0	0	0	0	4	505	0	0	0	0	
13	0	0	0	0	0	500	0	0	0	0	
14	0	0	0	0	0	496	0	0	0	0	
15	0	0	0	0	0	516	0	0	0	0	
0	0	0	0	0	4	493	0	0	0	0	
1	0	0	0	0	0	452	0	0	0	0	
2	0	0	0	0	0	529	0	0	0	0	
3	0	0	0	0	0	496	0	0	0	0	
4	0	0	0	0	4	456	0	0	0	0	
5	0	0	0	0	0	543	0	0	0	0	
6	0	0	0	0	0	737	1	0	0	0	
7	0	0	0	0	0	718	1	0	0	0	
8	0	0	0	0	4	527	0	0	0	0	
9	0	0	0	0	0	527	0	0	0	0	
10	0	0	0	0	0	467	0	0	0	0	
11	0	0	0	0	0	478	0	0	0	0	
12	0	0	0	0	4	450	0	0	0	0	
13	0	0	0	0	0	477	0	0	0	0	
14	0	0	0	0	0	471	0	0	0	0	
15	0	0	0	0	0	444	0	0	0	0	
0	0	0	0	0	4	487	0	0	0	0	
1	0	0	0	0	0	480	0	0	0	0	
2	0	0	0	0	0	489	0	0	0	0	
3	0	0	0	0	0	502	0	0	0	0	
4	0	0	0	0	2	482	0	0	0	0	
5	0	0	0	0	0	497	0	0	0	0	
6	0	0	0	0	0	528	0	0	0	0	
7	0	0	0	0	0	508	0	0	0	0	
8	0	0	0	0	4	489	0	0	0	0	
9	0	0	0	0	0	521	0	0	0	0	
10	0	0	0	0	0	530	0	0	0	0	
11	0	0	0	0	0	515	1	0	0	0	
12	0	0	0	0	4	526	0	0	0	0	
13	0	0	0	0	0	524	0	0	0	0	
14	0	0	0	0	0	541	0	0	0	0	
15	0	0	0	0	0	527	0	0	0	0	
0	0	0	0	0	1	510	0	0	0	0	
1	0	0	0	0	0	486	0	0	0	0	
2	0	0	0	0	0	463	0	0	0	0	
3	0	0	0	0	0	471	0	0	0	0	
4	0	0	0	0	4	504	0	0	0	0	
5	0	0	0	0	0	467	0	0	0	0	
6	0	0	0	0	0	471	0	0	0	0	
7	0	0	0	0	0	450	0	0	0	0	
8	0	0	0	0	4	509	0	0	0	0	
9	0	0	0	0	0	480	0	0	0	0	
10	0	0	0	0	0	519	0	0	0	0	
11	0	0	0	0	0	507	0	0	0	0	
12	0	0	0	0	4	489	0	0	0	0	
13	0	0	0	0	0	506	0	0	0	0	
14	0	0	0	0	0	473	0	0	0	0	
15	0	0	0	0	0	505	0	0	0	0	
0	0	0	0	0	4	505	0	0	0	0	
1	0	0	0	0	0	503	0	0	0	0	
2	0	0	0	0	0	498	0	0	0	0	
3	0	0	0	0	0	484	0	0	0	0	
4	0	0	0	0	4	523	0	0	0	0	
5	0	0	0	0	0	492	0	0	0	0	
6	0	0	0	0	0	509	0	0	0	0	
7	0	0	0	0	0	517	1	0	0	0	
8	0	0	0	0	4	523	0	0	0	0	
9	0	0	0	0	0	523	0	0	0	0	
10	0	0	0	0	0	503	0	0	0	0	
11	0	0	0	0	0	471	0	0	0	0	
12	0	0	0	0	4	520	0	0	0	0	
13	0	0	0	0	0	535	0	0	0	0	
14	0	0	0	0	0	517	0	0	0	0	
15	0	0	0	0	0	525	1	0	0	0	
0	0	0	0	0	2	540	0	0	0	0	
1	0	0	0	0	0	532	0	0	0	0	
2	0	0	0	0	0	481	0	0	0	0	
3	0	0	0	0	0	522	1	0	0	0	
4	0	0	0	0	4	489	0	0	0	0	
5	0	0	0	0	0	503	0	0	0	0	
6	0	0	0	0	0	511	0	0	0	0	
7	0	0	0	0	0	497	0	0	0	0	
8	0	0	0	0	4	514	0	0	0	0	
9	0	0	0	0	0	502	0	0	0	0	
10	0	0	0	0	0	499	0	0	0	0	
11	0	0	0	0	0	508	0	0	0	0	
12	0	0	0	0	1	494	0	0	0	0	
13	0	0	0	0	0	594	0	0	0	0	
14	0	0	0	0	0	777	1	0	0	0	
15	0	0	0	0	0	658	1	0	0	0	
0	0	0	0	0	4	552	0	0	0	0	
1	0	0	0	0	0	491	0	0	0	0	
2	0	0	0	0	0	479	0	0	0	0	
3	0	0	0	0	0	424	0	0	0	0	
4	0	0	0	0	4	450	0	0	0	0	
5	0	0	0	0	0	465	0	0	0	0	
6	0	0	0	0	0	447	0	0	0	0	
7	0	0	0	0	0	444	0	0	0	0	
8	0	0	0	0	4	512	0	0	0	0	
9	0	0	0	0	0	501	0	0	0	0	
10	0	0	0	0	0	491	0	0	0	0	
11	0	0	0	0	0	493	0	0	0	0	
12	0	0	0	0	4	499	0	0	0	0	
13	0	0	0	0	0	501	0	0	0	0	
14	0	0	0	0	0	479	0	0	0	0	
15	0	0	0	0	0	524	0	0	0	0	
0	0	0	0	0	1	533	0	0	0	0	
1	0	0	0	0	0	497	0	0	0	0	
2	0	0	0	0	0	536	0	0	0	0	
3	0	0	0	0	0	532	0	0	0	0	
4	0	0	0	0	4	509	0	0	0	0	
5	0	0	0	0	0	511	0	0	0	0	
6	0	0	0	0	0	545	0	0	0	0	
7	0	0	0	0	0	518	1	0	0	0	
8	0	0	0	0	4	520	0	0	0	0	
9	0	0	0	0	0	487	0	0	0	0	
10	0	0	0	0	0	496	0	0	0	0	
11	0	0	0	0	0	480	0	0	0	0	
12	0	0	0	0	2	470	0	0	0	0	
13	0	0	0	0	0	480	0	0	0	0	
14	0	0	0	0	0	444	0	0	0	0	
15	0	0	0	0	0	506	0	0	0	0	
0	0	0	0	0	4	496	0	0	0	0	
1	0	0	0	0	0	515	0	0	0	0	
2	0	0	0	0	0	493	0	0	0	0	
3	0	0	0	0	0	501	0	0	0	0	
4	0	0	0	0	4	487	0	0	0	0	
5	0	0	0	0	0	507	0	0	0	0	
6	0	0	0	0	0	516	0	0	0	0	
7	0	0	0	0	0	510	0	0	0	0	
8	0	0	0	0	4	498	0	0	0	0	
9	0	0	0	0	0	482	0	0	0	0	
10	0	0	0	0	0	512	0	0	0	0	
11	0	0	0	0	0	494	0	0	0	0	
12	0	0	0	0	4	502	0	0	0	0	
13	0	0	0	0	0	502	0	0	0	0	
14	0	0	0	0	0	488	0	0	0	0	
15	0	0	0	0	0	504	0	0	0	0	
0	0	0	0	0	4	529	0	0	0	0	
1	0	0	0	0	0	525	0	0	0	0	
2	0	0	0	0	0	504	0	0	0	0	
3	0	0	0	0	0	502	0	0	0	0	
4	0	0	0	0	4	482	0	0	0	0	
5	0	0	0	0	0	487	0	0	0	0	
6	0	0	0	0	0	512	0	0	0	0	
7	0	0	0	0	0	502	0	0	0	0	
8	0	0	0	0	4	520	0	0	0	0	
9	0	0	0	0	0	538	0	0	0	0	
10	0	0	0	0	0	545	0	0	0	0	
11	0	0	0	0	0	548	1	0	0	0	
12	0	0	0	0	1	529	0	0	0	0	
13	0	0	0	0	0	525	0	0	0	0	
14	0	0	0	0	0	514	0	0	0	0	
15	0	0	0	0	0	480	0	0	0	0	
0	0	0	0	0	4	488	0	0	0	0	
1	0	0	0	0	0	521	0	0	0	0	
2	0	0	0	0	0	504	0	0	0	0	
3	0	0	0	0	0	471	0	0	0	0	
4	0	0	0	0	4	534	0	0	0	0	
5	0	0	0	0	0	521	0	0	0	0	
6	0	0	0	0	0	504	0	0	0	0	
7	0	0	0	0	0	504	0	0	0	0	
8	0	0	0	0	2	585	0	0	0	0	
9	0	0	0	0	0	845	1	0	0	0	
10	0	0	0	0	0	705	1	0	0	0	
11	0	0	0	0	0	556	0	0	0	0	
12	0	0	0	0	4	494	0	0	0	0	
13	0	0	0	0	0	434	0	0	0	0	
14	0	0	0	0	0	429	0	0	0	0	
15	0	0	0	0	0	466	0	0	0	0	
0	0	0	0	0	4	461	0	0	0	0	
1	0	0	0	0	0	482	0	0	0	0	
2	0	0	0	0	0	445	0	0	0	0	
3	0	0	0	0	0	476	0	0	0	0	
4	0	0	0	0	4	458	0	0	0	0	
5	0	0	0	0	0	500	0	0	0	0	
6	0	0	0	0	0	515	0	0	0	0	
7	0	0	0	0	0	462	0	0	0	0	
8	0	0	0	0	4	506	0	0	0	0	
9	0	0	0	0	0	514	0	0	0	0	
10	0	0	0	0	0	497	0	0	0	0	
11	0	0	0	0	0	507	0	0	0	0	
12	0	0	0	0	4	507	0	0	0	0	
13	0	0	0	0	0	534	0	0	0	0	
14	0	0	0	0	0	522	0	0	0	0	
15	0	0	0	0	0	510	0	0	0	0	
0	0	0	0	0	4	539	0	0	0	0	
1	0	0	0	0	0	515	0	0	0	0	
2	0	0	0	0	0	536	0	0	0	0	
3	0	0	0	0	0	502	0	0	0	0	
4	0	0	0	0	4	496	0	0	0	0	
5	0	0	0	0	0	491	0	0	0	0	
6	0	0	0	0	0	486	0	0	0	0	
7	0	0	0	0	0	446	0	0	0	0	
8	0	0	0	0	1	501	0	0	0	0	
9	0	0	0	0	0	523	0	0	0	0	
10	0	0	0	0	0	504	0	0	0	0	
11	0	0	0	0	0	476	0	0	0	0	
12	0	0	0	0	4	479	0	0	0	0	
13	0	0	0	0	0	496	0	0	0	0	
14	0	0	0	0	0	471	0	0	0	0	
15	0	0	0	0	0	514	0	0	0	0	
0	0	0	0	0	4	532	0	0	0	0	
1	0	0	0	0	0	510	0	0	0	0	
2	0	0	0	0	0	500	0	0	0	0	
3	0	0	0	0	0	511	0	0	0	0	
4	0	0	0	0	2	476	0	0	0	0	
5	0	0	0	0	0	520	0	0	0	0	
6	0	0	0	0	0	520	0	0	0	0	
7	0	0	0	0	0	511	0	0	0	0	
8	0	0	0	0	4	468	0	0	0	0	
9	0	0	0	0	0	496	0	0	0	0	
10	0	0	0	0	0	515	0	0	0	0	
11	0	0	0	0	0	510	0	0	0	0	
12	0	0	0	0	4	512	0	0	0	0	
13	0	0	0	0	0	540	0	0	0	0	
14	0	0	0	0	0	536	0	0	0	0	
15	0	0	0	0	0	525	0	0	0	0	
0	0	0	0	0	4	544	0	0	0	0	
1	0	0	0	0	0	487	0	0	0	0	
2	0	0	0	0	0	495	0	0	0	0	
3	0	0	0	0	0	452	0	0	0	0	
4	0	0	0	0	4	483	0	0	0	0	
5	0	0	0	0	0	497	0	0	0	0	
6	0	0	0	0	0	476	0	0	0	0	
7	0	0	0	0	0	512	0	0	0	0	
8	0	0	0	0	2	486	0	0	0	0	
9	0	0	0	0	0	468	0	0	0	0	
10	0	0	0	0	0	524	0	0	0	0	
11	0	0	0	0	0	585	1	0	0	0	
12	0	0	0	0	4	728	1	0	0	0	
13	0	0	0	0	0	643	0	0	0	0	
14	0	0	0	0	0	542	0	0	0	0	
15	0	0	0	0	0	535	1	0	0	0	
0	0	0	0	0	4	459	0	0	0	0	
1	0	0	0	0	0	460	0	0	0	0	
2	0	0	0	0	0	492	0	0	0	0	
3	0	0	0	0	0	497	0	0	0	0	
4	0	0	0	0	1	487	0	0	0	0	
5	0	0	0	0	0	497	0	0	0	0	
6	0	0	0	0	0	485	0	0	0	0	
7	0	0	0	0	0	481	0	0	0	0	
8	0	0	0	0	4	491	0	0	0	0	
9	0	0	0	0	0	520	0	0	0	0	
10	0	0	0	0	0	473	0	0	0	0	
11	0	0	0	0	0	540	1	0	0	0	
12	0	0	0	0	4	550	0	0	0	0	
13	0	0	0	0	0	513	0	0	0	0	
14	0	0	0	0	0	527	0	0	0	0	
15	0	0	0	0	0	568	0	0	0	0	
0	0	0	0	0	2	513	0	0	0	0	
1	0	0	0	0	0	537	0	0	0	0	
2	0	0	0	0	0	537	0	0	0	0	
3	0	0	0	0	0	536	1	0	0	0	
4	0	0	0	0	4	529	0	0	0	0	
5	0	0	0	0	0	530	0	0	0	0	
6	0	0	0	0	0	523	0	0	0	0	
7	0	0	0	0	0	498	0	0	0	0	
8	0	0	0	0	4	510	0	0	0	0	
9	0	0	0	0	0	474	0	0	0	0	
10	0	0	0	0	0	484	0	0	0	0	
11	0	0	0	0	0	507	0	0	0	0	
12	0	0	0	0	4	474	0	0	0	0	
13	0	0	0	0	0	513	0	0	0	0	
14	0	0	0	0	0	489	0	0	0	0	
15	0	0	0	0	0	492	0	0	0	0	
0	0	0	0	0	4	515	0	0	0	0	
1	0	0	0	0	0	501	0	0	0	0	
2	0	0	0	0	0	495	0	0	0	0	
3	0	0	0	0	0	508	0	0	0	0	
4	0	0	0	0	2	509	0	0	0	0	
5	0	0	0	0	0	501	0	0	0	0	
6	0	0	0	0	0	513	0	0	0	0	
7	0	0	0	0	0	448	0	0	0	0	
8	0	0	0	0	4	512	0	0	0	0	
9	0	0	0	0	0	522	0	0	0	0	
10	0	0	0	0	0	488	0	0	0	0	
11	0	0	0	0	0	514	0	0	0	0	
12	0	0	0	0	4	486	0	0	0	0	
13	0	0	0	0	0	483	0	0	0	0	
14	0	0	0	0	0	450	0	0	0	0	
15	0	0	0	0	0	520	0	0	0	0	
0	0	0	0	0	1	484	0	0	0	0	
1	0	0	0	0	0	492	0	0	0	0	
2	0	0	0	0	0	517	0	0	0	0	
3	0	0	0	0	0	519	0	0	0	0	
4	0	0	0	0	4	536	0	0	0	0	
5	0	0	0	0	0	515	0	0	0	0	
6	0	0	0	0	0	491	0	0	0	0	
7	0	0	0	0	0	463	0	0	0	0	
8	0	0	0	0	4	494	0	0	0	0	
9	0	0	0	0	0	482	0	0	0	0	
10	0	0	0	0	0	481	0	0	0	0	
11	0	0	0	0	0	471	0	0	0	0	
12	0	0	0	0	4	518	0	0	0	0	
13	0	0	0	0	0	518	0	0	0	0	
14	0	0	0	0	0	468	0	0	0	0	
15	0	0	0	0	0	487	0	0	0	0	
0	0	0	0	0	4	544	0	0	0	0	
1	0	0	0	0	0	780	1	0	0	0	
2	0	0	0	0	0	737	1	0	0	0	
3	0	0	0	0	0	517	0	0	0	0	
4	0	0	0	0	4	470	0	0	0	0	
5	0	0	0	0	0	478	0	0	0	0	
6	0	0	0	0	0	465	0	0	0	0	
7	0	0	0	0	0	440	0	0	0	0	
8	0	0	0	0	4	480	0	0	0	0	
9	0	0	0	0	0	439	0	0	0	0	
10	0	0	0	0	0	493	0	0	0	0	
11	0	0	0	0	0	386	0	0	0	0	
12	0	0	0	0	4	451	0	0	0	0	
13	0	0	0	0	0	484	0	0	0	0	
14	0	0	0	0	0	490	0	0	0	0	
15	0	0	0	0	0	481	0	0	0	0	
0	0	0	0	0	2	509	0	0	0	0	
1	0	0	0	0	0	486	0	0	0	0	
2	0	0	0	0	0	467	0	0	0	0	
3	0	0	0	0	0	497	0	0	0	0	
4	0	0	0	0	4	524	0	0	0	0	
5	0	0	0	0	0	499	0	0	0	0	
6	0	0	0	0	0	513	0	0	0	0	
7	0	0	0	0	0	542	0	0	0	0	
8	0	0	0	0	4	494	0	0	0	0	
9	0	0	0	0	0	504	0	0	0	0	
10	0	0	0	0	0	532	0	0	0	0	
11	0	0	0	0	0	531	0	0	0	0	
12	0	0	0	0	1	484	0	0	0	0	
13	0	0	0	0	0	484	0	0	0	0	
14	0	0	0	0	0	463	0	0	0	0	
15	0	0	0	0	0	495	0	0	0	0	
0	0	0	0	0	4	473	0	0	0	0	
1	0	0	0	0	0	511	0	0	0	0	
2	0	0	0	0	0	492	0	0	0	0	
3	0	0	0	0	0	503	0	0	0	0	
4	0	0	0	0	4	522	0	0	0	0	
5	0	0	0	0	0	524	0	0	0	0	
6	0	0	0	0	0	497	0	0	0	0	
7	0	0	0	0	0	470	0	0	0	0	
8	0	0	0	0	4	528	0	0	0	0	
9	0	0	0	0	0	542	0	0	0	0	
10	0	0	0	0	0	521	0	0	0	0	
11	0	0	0	0	0	537	1	0	0	0	
12	0	0	0	0	4	512	0	0	0	0	
13	0	0	0	0	0	491	0	0	0	0	
14	0	0	0	0	0	523	0	0	0	0	
15	0	0	0	0	0	491	0	0	0	0	
0	0	0	0	0	4	495	0	0	0	0	
1	0	0	0	0	0	558	0	0	0	0	
2	0	0	0	0	0	531	0	0	0	0	
3	0	0	0	0	0	488	0	0	0	0	
4	0	0	0	0	4	507	0	0	0	0	
5	0	0	0	0	0	510	0	0	0	0	
6	0	0	0	0	0	494	0	0	0	0	
7	0	0	0	0	0	513	0	0	0	0	
8	0	0	0	0	4	522	0	0	0	0	
9	0	0	0	0	0	549	0	0	0	0	
10	0	0	0	0	0	534	0	0	0	0	
11	0	0	0	0	0	522	0	0	0	0	
12	0	0	0	0	2	513	0	0	0	0	
13	0	0	0	0	0	496	0	0	0	0	
14	0	0	0	0	0	474	0	0	0	0	
15	0	0	0	0	0	512	0	0	0	0	
0	0	0	0	0	4	509	0	0	0	0	
1	0	0	0	0	0	474	0	0	0	0	
2	0	0	0	0	0	491	0	0	0	0	
3	0	0	0	0	0	498	0	0	0	0	
4	0	0	0	0	4	476	0	0	0	0	
5	0	0	0	0	0	475	0	0	0	0	
6	0	0	0	0	0	413	0	0	0	0	
7	0	0	0	0	0	521	0	0	0	0	
8	0	0	0	0	1	659	1	0	0	0	
9	0	0	0	0	0	835	1	0	0	0	
10	0	0	0	0	0	627	0	0	0	0	
11	0	0	0	0	0	514	0	0	0	0	
12	0	0	0	0	4	474	0	0	0	0	
13	0	0	0	0	0	427	0	0	0	0	
14	0	0	0	0	0	393	0	0	0	0	
15	0	0	0	0	0	457	0	0	0	0	
0	0	0	0	0	4	463	0	0	0	0	
1	0	0	0	0	0	475	0	0	0	0	
2	0	0	0	0	0	482	0	0	0	0	
3	0	0	0	0	0	497	0	0	0	0	
4	0	0	0	0	4	522	0	0	0	0	
5	0	0	0	0	0	475	0	0	0	0	
6	0	0	0	0	0	523	0	0	0	0	
7	0	0	0	0	0	507	0	0	0	0	
8	0	0	0	0	4	530	0	0	0	0	
9	0	0	0	0	0	520	0	0	0	0	
10	0	0	0	0	0	550	0	0	0	0	
11	0	0	0	0	0	536	0	0	0	0	
12	0	0	0	0	1	545	0	0	0	0	
13	0	0	0	0	0	582	0	0	0	0	
14	0	0	0	0	0	563	0	0	0	0	
15	0	0	0	0	0	553	1	0	0	0	
0	0	0	0	0	4	558	0	0	0	0	
1	0	0	0	0	0	536	0	0	0	0	
2	0	0	0	0	0	562	0	0	0	0	
3	0	0	0	0	0	516	0	0	0	0	
4	0	0	0	0	4	533	0	0	0	0	
5	0	0	0	0	0	515	0	0	0	0	
6	0	0	0	0	0	496	0	0	0	0	
7	0	0	0	0	0	496	0	0	0	0	
8	0	0	0	0	2	498	0	0	0	0	
9	0	0	0	0	0	517	0	0	0	0	
10	0	0	0	0	0	512	0	0	0	0	
11	0	0	0	0	0	499	0	0	0	0	
12	0	0	0	0	4	528	0	0	0	0	
13	0	0	0	0	0	524	0	0	0	0	
14	0	0	0	0	0	504	0	0	0	0	
15	0	0	0	0	0	486	0	0	0	0	
0	0	0	0	0	4	522	0	0	0	0	
1	0	0	0	0	0	520	0	0	0	0	
2	0	0	0	0	0	498	0	0	0	0	
3	0	0	0	0	0	507	0	0	0	0	
4	0	0	0	0	4	491	0	0	0	0	
5	0	0	0	0	0	509	0	0	0	0	
6	0	0	0	0	0	487	0	0	0	0	
7	0	0	0	0	0	516	0	0	0	0	
8	0	0	0	0	4	501	0	0	0	0	
9	0	0	0	0	0	510	0	0	0	0	
10	0	0	0	0	0	520	0	0	0	0	
11	0	0	0	0	0	498	0	0	0	0	
12	0	0	0	0	4	490	0	0	0	0	
13	0	0	0	0	0	548	0	0	0	0	
14	0	0	0	0	0	542	0	0	0	0	
15	0	0	0	0	0	536	0	0	0	0	
0	0	0	0	0	4	562	0	0	0	0	
1	0	0	0	0	0	539	0	0	0	0	
2	0	0	0	0	0	538	0	0	0	0	
3	0	0	0	0	0	510	0	0	0	0	
4	0	0	0	0	4	499	0	0	0	0	
5	0	0	0	0	0	509	0	0	0	0	
6	0	0	0	0	0	517	0	0	0	0	
7	0	0	0	0	0	516	0	0	0	0	
8	0	0	0	0	1	534	0	0	0	0	
9	0	0	0	0	0	499	0	0	0	0	
10	0	0	0	0	0	476	0	0	0	0	
11	0	0	0	0	0	530	0	0	0	0	
12	0	0	0	0	4	614	0	0	0	0	
13	0	0	0	0	0	820	1	0	0	0	
14	0	0	0	0	0	659	0	0	0	0	
15	0	0	0	0	0	511	0	0	0	0	
0	0	0	0	0	4	497	0	0	0	0	
1	0	0	0	0	0	450	0	0	0	0	
2	0	0	0	0	0	454	0	0	0	0	
3	0	0	0	0	0	467	0	0	0	0	
4	0	0	0	0	2	431	0	0	0	0	
5	0	0	0	0	0	426	0	0	0	0	
6	0	0	0	0	0	472	0	0	0	0	
7	0	0	0	0	0	460	0	0	0	0	
8	0	0	0	0	4	514	0	0	0	0	
9	0	0	0	0	0	497	0	0	0	0	
10	0	0	0	0	0	488	0	0	0	0	
11	0	0	0	0	0	489	0	0	0	0	
12	0	0	0	0	4	438	0	0	0	0	
13	0	0	0	0	0	536	0	0	0	0	
14	0	0	0	0	0	519	0	0	0	0	
15	0	0	0	0	0	526	0	0	0	0	
0	0	0	0	0	4	537	0	0	0	0	
1	0	0	0	0	0	553	0	0	0	0	
2	0	0	0	0	0	551	0	0	0	0	
3	0	0	0	0	0	546	0	0	0	0	
4	0	0	0	0	4	524	0	0	0	0	
5	0	0	0	0	0	545	0	0	0	0	
6	0	0	0	0	0	503	0	0	0	0	
7	0	0	0	0	0	515	0	0	0	0	
8	0	0	0	0	4	534	0	0	0	0	
9	0	0	0	0	0	510	0	0	0	0	
10	0	0	0	0	0	518	0	0	0	0	
11	0	0	0	0	0	492	0	0	0	0	
12	0	0	0	0	4	467	0	0	0	0	
13	0	0	0	0	0	472	0	0	0	0	
14	0	0	0	0	0	507	0	0	0	0	
15	0	0	0	0	0	493	0	0	0	0	
0	0	0	0	0	4	504	0	0	0	0	
1	0	0	0	0	0	526	0	0	0	0	
2	0	0	0	0	0	540	0	0	0	0	
3	0	0	0	0	0	494	0	0	0	0	
4	0	0	0	0	1	520	0	0	0	0	
5	0	0	0	0	0	509	0	0	0	0	
6	0	0	0	0	0	518	0	0	0	0	
7	0	0	0	0	0	495	0	0	0	0	
8	0	0	0	0	4	503	0	0	0	0	
9	0	0	0	0	0	512	0	0	0	0	
10	0	0	0	0	0	528	0	0	0	0	
11	0	0	0	0	0	500	0	0	0	0	
12	0	0	0	0	4	487	0	0	0	0	
13	0	0	0	0	0	557	0	0	0	0	
14	0	0	0	0	0	537	0	0	0	0	
15	0	0	0	0	0	517	0	0	0	0	
0	0	0	0	0	2	526	0	0	0	0	
1	0	0	0	0	0	535	0	0	0	0	
2	0	0	0	0	0	499	0	0	0	0	
3	0	0	0	0	0	539	0	0	0	0	
4	0	0	0	0	4	570	0	0	0	0	
5	0	0	0	0	0	539	0	0	0	0	
6	0	0	0	0	0	522	0	0	0	0	
7	0	0	0	0	0	506	0	0	0	0	
8	0	0	0	0	4	499	0	0	0	0	
9	0	0	0	0	0	492	0	0	0	0	
10	0	0	0	0	0	494	0	0	0	0	
11	0	0	0	0	0	554	0	0	0	0	
12	0	0	0	0	4	477	0	0	0	0	
13	0	0	0	0	0	510	0	0	0	0	
14	0	0	0	0	0	497	0	0	0	0	
15	0	0	0	0	0	509	0	0	0	0	
0	0	0	0	0	4	517	0	0	0	0	
1	0	0	0	0	0	649	0	0	0	0	
2	0	0	0	0	0	787	1	0	0	0	
3	0	0	0	0	0	596	1	0	0	0	
4	0	0	0	0	2	557	0	0	0	0	
5	0	0	0	0	0	496	0	0	0	0	
6	0	0	0	0	0	451	0	0	0	0	
7	0	0	0	0	0	462	0	0	0	0	
8	0	0	0	0	4	427	0	0	0	0	
9	0	0	0	0	0	434	0	0	0	0	
10	0	0	0	0	0	463	0	0	0	0	
11	0	0	0	0	0	464	0	0	0	0	
12	0	0	0	0	4	470	0	0	0	0	
13	0	0	0	0	0	517	0	0	0	0	
14	0	0	0	0	0	529	0	0	0	0	
15	0	0	0	0	0	437	0	0	0	0	
0	0	0	0	0	1	494	0	0	0	0	
1	0	0	0	0	0	508	0	0	0	0	
2	0	0	0	0	0	462	0	0	0	0	
3	0	0	0	0	0	524	0	0	0	0	
4	0	0	0	0	4	519	0	0	0	0	
5	0	0	0	0	0	519	0	0	0	0	
6	0	0	0	0	0	526	0	0	0	0	
7	0	0	0	0	0	511	0	0	0	0	
8	0	0	0	0	4	534	0	0	0	0	
9	0	0	0	0	0	512	0	0	0	0	
10	0	0	0	0	0	544	0	0	0	0	
11	0	0	0	0	0	485	0	0	0	0	
12	0	0	0	0	4	486	0	0	0	0	
13	0	0	0	0	0	498	0	0	0	0	
14	0	0	0	0	0	492	0	0	0	0	
15	0	0	0	0	0	480	0	0	0	0	
0	0	0	0	0	4	482	0	0	0	0	
1	0	0	0	0	0	482	0	0	0	0	
2	0	0	0	0	0	486	0	0	0	0	
3	0	0	0	0	0	484	0	0	0	0	
4	0	0	0	0	4	478	0	0	0	0	
5	0	0	0	0	0	516	0	0	0	0	
6	0	0	0	0	0	494	0	0	0	0	
7	0	0	0	0	0	503	0	0	0	0	
8	0	0	0	0	4	452	0	0	0	0	
9	0	0	0	0	0	513	0	0	0	0	
10	0	0	0	0	0	527	0	0	0	0	
11	0	0	0	0	0	508	0	0	0	0	
12	0	0	0	0	4	496	0	0	0	0	
13	0	0	0	0	0	498	0	0	0	0	
14	0	0	0	0	0	508	0	0	0	0	
15	0	0	0	0	0	482	0	0	0	0	
0	0	0	0	0	2	509	0	0	0	0	
1	0	0	0	0	0	505	0	0	0	0	
2	0	0	0	0	0	531	0	0	0	0	
3	0	0	0	0	0	514	0	0	0	0	
4	0	0	0	0	4	503	0	0	0	0	
5	0	0	0	0	0	498	0	0	0	0	
6	0	0	0	0	0	497	0	0	0	0	
7	0	0	0	0	1	524	0	0	0	0	
8	0	0	0	0	4	494	0	0	0	0	
9	0	0	0	0	0	515	0	0	0	0	
10	0	0	0	0	0	505	0	0	0	0	
11	0	0	0	0	0	545	0	0	0	0	
12	0	0	0	0	2	527	0	0	0	0	
13	0	0	0	0	0	531	0	0	0	0	
14	0	0	0	0	0	517	0	0	0	0	
15	0	0	0	0	0	526	0	0	0	0	
0	0	0	0	0	4	506	0	0	0	0	
1	0	0	0	0	0	487	0	0	0	0	
2	0	0	0	0	0	510	0	0	0	0	
3	0	0	0	0	0	480	0	0	0	0	
4	0	0	0	0	4	490	0	0	0	0	
5	0	0	0	0	0	478	0	0	0	0	
6	0	0	0	0	0	503	0	0	0	0	
7	0	0	0	0	1	527	0	0	0	0	
8	0	0	0	0	4	486	0	0	0	0	
9	0	0	0	0	0	512	0	0	0	0	
10	0	0	0	0	0	643	0	0	0	0	
11	0	0	0	0	0	741	1	0	0	0	
12	0	0	0	0	4	605	0	0	0	0	
13	0	0	0	0	0	540	0	0	0	0	
14	0	0	0	0	0	474	0	0	0	0	
15	0	0	0	0	0	446	0	0	0	0	
0	0	0	0	0	4	449	0	0	0	0	
1	0	0	0	0	0	454	0	0	0	0	
2	0	0	0	0	0	461	0	0	0	0	
3	0	0	0	0	0	470	0	0	0	0	
4	0	0	0	0	4	487	0	0	0	0	
5	0	0	0	0	0	472	0	0	0	0	
6	0	0	0	0	0	489	0	0	0	0	
7	0	0	0	0	0	492	0	0	0	0	
8	0	0	0	0	4	521	0	0	0	0	
9	0	0	0	0	0	519	0	0	0	0	
10	0	0	0	0	0	456	0	0	0	0	
11	0	0	0	0	0	508	0	0	0	0	
12	0	0	0	0	3	464	0	0	0	0	
13	0	0	0	0	0	513	0	0	0	0	
14	0	0	0	0	0	531	0	0	0	0	
15	0	0	0	0	0	535	0	0	0	0	
0	0	0	0	0	4	532	0	0	0	0	
1	0	0	0	0	0	540	0	0	0	0	
2	0	0	0	0	0	542	0	0	0	0	
3	0	0	0	0	0	513	0	0	0	0	
4	0	0	0	0	4	514	0	0	0	0	
5	0	0	0	0	0	495	0	0	0	0	
6	0	0	0	0	0	517	0	0	0	0	
7	0	0	0	0	0	494	0	0	0	0	
8	0	0	0	0	1	503	0	0	0	0	
9	0	0	0	0	1	479	0	0	0	0	
10	0	0	0	0	0	486	0	0	0	0	
11	0	0	0	0	0	488	0	0	0	0	
12	0	0	0	0	4	482	0	0	0	0	
13	0	0	0	0	0	515	0	0	0	0	
14	0	0	0	0	0	472	0	0	0	0	
15	0	0	0	0	0	492	0	0	0	0	
0	0	0	0	0	4	518	0	0	0	0	
1	0	0	0	0	0	482	0	0	0	0	
2	0	0	0	0	0	490	0	0	0	0	
3	0	0	0	0	0	531	0	0	0	0	
4	0	0	0	0	4	492	0	0	0	0	
5	0	0	0	0	0	484	0	0	0	0	
6	0	0	0	0	0	502	0	0	0	0	
7	0	0	0	0	0	509	0	0	0	0	
8	0	0	0	0	4	493	0	0	0	0	
9	0	0	0	0	0	515	0	0	0	0	
10	0	0	0	0	0	500	0	0	0	0	
11	0	0	0	0	0	520	0	0	0	0	
12	0	0	0	0	4	524	0	0	0	0	
13	0	0	0	0	0	476	0	0	0	0	
14	0	0	0	0	0	511	0	0	0	0	
15	0	0	0	0	0	505	0	0	0	0	
0	0	0	0	0	4	505	0	0	0	0	
1	0	0	0	0	0	505	0	0	0	0	
2	0	0	0	0	0	502	0	0	0	0	
3	0	0	0	0	1	525	0	0	0	0	
4	0	0	0	0	4	540	0	0	0	0	
5	0	0	0	0	1	529	0	0	0	0	
6	0	0	0	0	0	518	0	0	0	0	
7	0	0	0	0	0	509	0	0	0	0	
8	0	0	0	0	2	513	0	0	0	0	
9	0	0	0	0	0	521	0	0	0	0	
10	0	0	0	0	0	519	0	0	0	0	
11	0	0	0	0	0	529	0	0	0	0	
12	0	0	0	0	4	518	0	0	0	0	
13	0	0	0	0	0	507	0	0	0	0	
14	0	0	0	0	0	524	0	0	0	0	
15	0	0	0	0	0	490	0	0	0	0	
0	0	0	0	0	4	496	0	0	0	0	
1	0	0	0	0	0	511	0	0	0	0	
2	0	0	0	0	0	495	0	0	0	0	
3	0	0	0	0	0	504	0	0	0	0	
4	0	0	0	0	2	486	0	0	0	0	
5	0	0	0	0	0	529	0	0	0	0	
6	0	0	0	0	0	612	0	0	0	0	
7	0	0	0	0	0	774	1	0	0	0	
8	0	0	0	0	4	627	0	0	0	0	
9	0	0	0	0	0	518	0	0	0	0	
10	0	0	0	0	0	504	0	0	0	0	
11	0	0	0	0	0	477	0	0	0	0	
12	0	0	0	0	4	461	0	0	0	0	
13	0	0	0	0	0	456	0	0	0	0	
14	0	0	0	0	0	478	0	0	0	0	
15	0	0	0	0	1	466	0	0	0	0	
0	0	0	0	0	4	470	0	0	0	0	
1	0	0	0	0	0	503	0	0	0	0	
2	0	0	0	0	0	483	0	0	0	0	
3	0	0	0	0	0	468	0	0	0	0	
4	0	0	0	0	4	511	0	0	0	0	
5	0	0	0	0	0	509	0	0	0	0	
6	0	0	0	0	0	495	0	0	0	0	
7	0	0	0	0	0	522	0	0	0	0	
8	0	0	0	0	1	526	0	0	0	0	
9	0	0	0	0	0	545	0	0	0	0	
10	0	0	0	0	0	488	0	0	0	0	
11	0	0	0	0	0	512	0	0	0	0	
12	0	0	0	0	4	532	0	0	0	0	
13	0	0	0	0	1	535	0	0	0	0	
14	0	0	0	0	0	521	0	0	0	0	
15	0	0	0	0	0	535	0	0	0	0	
0	0	0	0	0	4	524	0	0	0	0	
1	0	0	0	0	0	534	0	0	0	0	
2	0	0	0	0	0	482	0	0	0	0	
3	0	0	0	0	0	476	0	0	0	0	
4	0	0	0	0	2	504	0	0	0	0	
5	0	0	0	0	0	457	0	0	0	0	
6	0	0	0	0	0	486	0	0	0	0	
7	0	0	0	0	0	497	0	0	0	0	
8	0	0	0	0	4	485	0	0	0	0	
9	0	0	0	0	0	497	0	0	0	0	
10	0	0	0	0	0	510	0	0	0	0	
11	0	0	0	0	0	502	0	0	0	0	
12	0	0	0	0	4	515	0	0	0	0	
13	0	0	0	0	0	499	0	0	0	0	
14	0	0	0	0	0	506	0	0	0	0	
15	0	0	0	0	0	541	0	0	0	0	
0	0	0	0	0	4	493	0	0	0	0	
1	0	0	0	0	0	507	0	0	0	0	
2	0	0	0	0	0	520	0	0	0	0	
3	0	0	0	0	0	496	0	0	0	0	
4	0	0	0	0	4	514	0	0	0	0	
5	0	0	0	0	0	484	0	0	0	0	
6	0	0	0	0	0	527	0	0	0	0	
7	0	0	0	0	0	534	0	0	0	0	
8	0	0	0	0	4	495	0	0	0	0	
9	0	0	0	0	0	527	0	0	0	0	
10	0	0	0	0	0	492	0	0	0	0	
11	0	0	0	0	0	502	0	0	0	0	
12	0	0	0	0	4	508	0	0	0	0	
13	0	0	0	0	0	531	0	0	0	0	
14	0	0	0	0	0	511	0	0	0	0	
15	0	0	0	0	0	504	0	0	0	0	
0	0	0	0	0	4	513	0	0	0	0	
1	0	0	0	0	0	507	0	0	0	0	
2	0	0	0	0	0	520	0	0	0	0	
3	0	0	0	0	0	535	0	0	0	0	
4	0	0	0	0	1	503	0	0	0	0	
5	0	0	0	0	0	502	0	0	0	0	
6	0	0	0	0	0	523	0	0	0	0	
7	0	0	0	0	0	507	0	0	0	0	
8	0	0	0	0	4	526	0	0	0	0	
9	0	0	0	0	0	483	0	0	0	0	
10	0	0	0	0	0	568	0	0	0	0	
11	0	0	0	0	0	543	0	0	0	0	
12	0	0	0	0	4	511	0	0	0	0	
13	0	0	0	0	0	502	0	0	0	0	
14	0	0	0	0	0	540	0	0	0	0	
15	0	0	0	0	0	509	0	0	0	0	
0	0	0	0	0	2	466	0	0	0	0	
1	0	0	0	0	0	503	0	0	0	0	
2	0	0	0	0	0	491	0	0	0	0	
3	0	0	0	0	0	522	0	0	0	0	
4	0	0	0	0	4	470	0	0	0	0	
5	0	0	0	0	0	512	0	0	0	0	
6	0	0	0	0	0	459	0	0	0	0	
7	0	0	0	0	0	471	0	0	0	0	
8	0	0	0	0	4	617	0	0	0	0	
9	0	0	0	0	1	829	1	0	0	0	
10	0	0	0	0	0	668	0	0	0	0	
11	0	0	0	0	0	515	0	0	0	0	
12	0	0	0	0	4	501	0	0	0	0	
13	0	0	0	0	0	445	0	0	0	0	
14	0	0	0	0	0	440	0	0	0	0	
15	0	0	0	0	0	478	0	0	0	0	
0	0	0	0	0	4	480	0	0	0	0	
1	0	0	0	0	0	472	0	0	0	0	
2	0	0	0	0	0	512	0	0	0	0	
3	0	0	0	0	0	449	0	0	0	0	
4	0	0	0	0	4	474	0	0	0	0	
5	0	0	0	0	0	509	0	0	0	0	
6	0	0	0	0	0	472	0	0	0	0	
7	0	0	0	0	0	462	0	0	0	0	
8	0	0	0	0	4	528	0	0	0	0	
9	0	0	0	0	1	513	0	0	0	0	
10	0	0	0	0	0	490	0	0	0	0	
11	0	0	0	0	0	511	0	0	0	0	
12	0	0	0	0	4	538	0	0	0	0	
13	0	0	0	0	0	513	0	0	0	0	
14	0	0	0	0	0	539	0	0	0	0	
15	0	0	0	0	0	507	0	0	0	0	
0	0	0	0	0	1	537	0	0	0	0	
1	0	0	0	0	0	540	0	0	0	0	
2	0	0	0	0	0	525	0	0	0	0	
3	0	0	0	0	0	529	0	0	0	0	
4	0	0	0	0	4	525	0	0	0	0	
5	0	0	0	0	0	494	0	0	0	0	
6	0	0	0	0	0	506	0	0	0	0	
7	0	0	0	0	0	496	0	0	0	0	
8	0	0	0	0	4	471	0	0	0	0	
9	0	0	0	0	0	504	0	0	0	0	
10	0	0	0	0	0	482	0	0	0	0	
11	0	0	0	0	0	488	0	0	0	0	
12	0	0	0	0	2	476	0	0	0	0	
13	0	0	0	0	0	508	0	0	0	0	
14	0	0	0	0	0	494	0	0	0	0	
15	0	0	0	0	0	496	0	0	0	0	
0	0	0	0	0	4	496	0	0	0	0	
1	0	0	0	0	0	530	0	0	0	0	
2	0	0	0	0	0	503	0	0	0	0	
3	0	0	0	0	0	494	0	0	0	0	
4	0	0	0	0	4	498	0	0	0	0	
5	0	0	0	0	1	502	0	0	0	0	
6	0	0	0	0	0	506	0	0	0	0	
7	0	0	0	0	0	503	0	0	0	0	
8	0	0	0	0	4	513	0	0	0	0	
9	0	0	0	0	0	535	0	0	0	0	
10	0	0	0	0	0	469	0	0	0	0	
11	0	0	0	0	0	537	0	0	0	0	
12	0	0	0	0	4	517	0	0	0	0	
13	0	0	0	0	0	495	0	0	0	0	
14	0	0	0	0	0	496	0	0	0	0	
15	0	0	0	0	0	511	0	0	0	0	
0	0	0	0	0	2	527	0	0	0	0	
1	0	0	0	0	0	511	0	0	0	0	
2	0	0	0	0	0	517	0	0	0	0	
3	0	0	0	0	0	513	0	0	0	0	
4	0	0	0	0	4	521	0	0	0	0	
5	0	0	0	0	0	492	0	0	0	0	
6	0	0	0	0	0	505	0	0	0	0	
7	0	0	0	0	0	512	0	0	0	0	
8	0	0	0	0	4	488	0	0	0	0	
9	0	0	0	0	0	513	0	0	0	0	
10	0	0	0	0	0	531	0	0	0	0	
11	0	0	0	0	0	507	0	0	0	0	
12	0	0	0	0	1	533	0	0	0	0	
13	0	0	0	0	0	566	0	0	0	0	
14	0	0	0	0	0	529	0	0	0	0	
15	0	0	0	0	0	533	0	0	0	0	
0	0	0	0	0	4	521	0	0	0	0	
1	0	0	0	0	0	503	0	0	0	0	
2	0	0	0	0	0	533	0	0	0	0	
3	0	0	0	0	0	499	0	0	0	0	
4	0	0	0	0	4	521	0	0	0	0	
5	0	0	0	0	0	519	0	0	0	0	
6	0	0	0	0	0	511	0	0	0	0	
7	0	0	0	0	1	491	0	0	0	0	
8	0	0	0	0	4	518	0	0	0	0	
9	0	0	0	0	0	522	0	0	0	0	
10	0	0	0	0	0	551	0	0	0	0	
11	0	0	0	0	0	706	1	0	0	0	
12	0	0	0	0	4	745	1	0	0	0	
13	0	0	0	0	0	546	0	0	0	0	
14	0	0	0	0	0	520	0	0	0	0	
15	0	0	0	0	0	490	0	0	0	0	
0	0	0	0	0	4	446	0	0	0	0	
1	0	0	0	0	0	505	0	0	0	0	
2	0	0	0	0	0	455	0	0	0	0	
3	0	0	0	0	0	475	0	0	0	0	
4	0	0	0	0	4	461	0	0	0	0	
5	0	0	0	0	0	476	0	0	0	0	
6	0	0	0	0	0	499	0	0	0	0	
7	0	0	0	0	0	504	0	0	0	0	
8	0	0	0	0	4	489	0	0	0	0	
9	0	0	0	0	0	504	0	0	0	0	
10	0	0	0	0	0	488	0	0	0	0	
11	0	0	0	0	0	460	0	0	0	0	
12	0	0	0	0	2	485	0	0	0	0	
13	0	0	0	0	0	536	0	0	0	0	
14	0	0	0	0	0	528	0	0	0	0	
15	0	0	0	0	0	545	0	0	0	0	
0	0	0	0	0	4	538	0	0	0	0	
1	0	0	0	0	0	524	0	0	0	0	
2	0	0	0	0	0	514	0	0	0	0	
3	0	0	0	0	0	525	0	0	0	0	
4	0	0	0	0	4	529	0	0	0	0	
5	0	0	0	0	0	517	0	0	0	0	
6	0	0	0	0	0	494	0	0	0	0	
7	0	0	0	0	0	496	0	0	0	0	
8	0	0	0	0	1	464	0	0	0	0	
9	0	0	0	0	0	492	0	0	0	0	
10	0	0	0	0	0	515	0	0	0	0	
11	0	0	0	0	0	472	0	0	0	0	
12	0	0	0	0	4	503	0	0	0	0	
13	0	0	0	0	0	495	0	0	0	0	
14	0	0	0	0	0	515	0	0	0	0	
15	0	0	0	0	0	465	0	0	0	0	
0	0	0	0	0	4	515	0	0	0	0	
1	0	0	0	0	0	492	0	0	0	0	
2	0	0	0	0	0	512	0	0	0	0	
3	0	0	0	0	0	517	0	0	0	0	
4	0	0	0	0	4	507	0	0	0	0	
5	0	0	0	0	0	519	0	0	0	0	
6	0	0	0	0	0	511	0	0	0	0	
7	0	0	0	0	0	488	0	0	0	0	
8	0	0	0	0	4	504	0	0	0	0	
9	0	0	0	0	0	494	0	0	0	0	
10	0	0	0	0	0	487	0	0	0	0	
11	0	0	0	0	0	476	0	0	0	0	
12	0	0	0	0	4	536	0	0	0	0	
13	0	0	0	0	0	502	0	0	0	0	
14	0	0	0	0	0	504	0	0	0	0	
15	0	0	0	0	0	506	0	0	0	0	
0	0	0	0	0	4	482	0	0	0	0	
1	0	0	0	0	0	532	0	0	0	0	
2	0	0	0	0	0	508	0	0	0	0	
3	0	0	0	0	0	476	0	0	0	0	
4	0	0	0	0	4	507	0	0	0	0	
5	0	0	0	0	0	481	0	0	0	0	
6	0	0	0	0	0	495	0	0	0	0	
7	0	0	0	0	1	521	1	0	0	0	
8	0	0	0	0	2	491	0	0	0	0	
9	0	0	0	0	0	492	0	0	0	0	
10	0	0	0	0	0	497	0	0	0	0	
11	0	0	0	0	0	524	1	0	0	0	
12	0	0	0	0	4	473	0	0	0	0	
13	0	0	0	0	0	506	0	0	0	0	
14	0	0	0	0	0	507	0	0	0	0	
15	0	0	0	0	0	520	0	0	0	0	
0	0	0	0	0	4	511	0	0	0	0	
1	0	0	0	0	0	544	0	0	0	0	
2	0	0	0	0	0	530	0	0	0	0	
3	0	0	0	0	1	505	0	0	0	0	
4	0	0	0	0	1	524	0	0	0	0	
5	0	0	0	0	0	484	0	0	0	0	
6	0	0	0	0	0	498	0	0	0	0	
7	0	0	0	0	0	487	0	0	0	0	
8	0	0	0	0	4	495	0	0	0	0	
9	0	0	0	0	1	526	0	0	0	0	
10	0	0	0	0	0	483	0	0	0	0	
11	0	0	0	0	0	480	0	0	0	0	
12	0	0	0	0	4	477	0	0	0	0	
13	0	0	0	0	0	474	0	0	0	0	
14	0	0	0	0	0	501	0	0	0	0	
15	0	0	0	0	0	725	1	0	0	0	
0	0	0	0	0	4	813	1	0	0	0	
1	0	0	0	0	0	586	0	0	0	0	
2	0	0	0	0	0	518	0	0	0	0	
3	0	0	0	0	0	453	0	0	0	0	
4	0	0	0	0	4	433	0	0	0	0	
5	0	0	0	0	0	438	0	0	0	0	
6	0	0	0	0	0	455	0	0	0	0	
7	0	0	0	0	0	452	0	0	0	0	
8	0	0	0	0	4	486	0	0	0	0	
9	0	0	0	0	0	456	0	0	0	0	
10	0	0	0	0	0	494	0	0	0	0	
11	0	0	0	0	0	462	0	0	0	0	
12	0	0	0	0	4	465	0	0	0	0	
13	0	0	0	0	0	474	0	0	0	0	
14	0	0	0	0	0	474	0	0	0	0	
15	0	0	0	0	0	512	0	0	0	0	
0	0	0	0	0	4	493	0	0	0	0	
1	0	0	0	0	0	489	0	0	0	0	
2	0	0	0	0	0	523	0	0	0	0	
3	0	0	0	0	0	547	0	0	0	0	
4	0	0	0	0	2	503	0	0	0	0	
5	0	0	0	0	0	516	0	0	0	0	
6	0	0	0	0	0	515	0	0	0	0	
7	0	0	0	0	0	529	0	0	0	0	
8	0	0	0	0	4	508	0	0	0	0	
9	0	0	0	0	0	531	0	0	0	0	
10	0	0	0	0	0	493	0	0	0	0	
11	0	0	0	0	0	480	0	0	0	0	
12	0	0	0	0	4	500	0	0	0	0	
13	0	0	0	0	0	495	0	0	0	0	
14	0	0	0	0	0	473	0	0	0	0	
15	0	0	0	0	0	476	0	0	0	0	
0	0	0	0	0	1	484	0	0	0	0	
1	0	0	0	0	0	472	0	0	0	0	
2	0	0	0	0	0	479	0	0	0	0	
3	0	0	0	0	0	464	0	0	0	0	
4	0	0	0	0	4	519	0	0	0	0	
5	0	0	0	0	0	505	0	0	0	0	
6	0	0	0	0	0	509	0	0	0	0	
7	0	0	0	0	0	500	0	0	0	0	
8	0	0	0	0	4	500	0	0	0	0	
9	0	0	0	0	0	521	0	0	0	0	
10	0	0	0	0	0	478	0	0	0	0	
11	0	0	0	0	0	468	0	0	0	0	
12	0	0	0	0	4	521	0	0	0	0	
13	0	0	0	0	0	536	0	0	0	0	
14	0	0	0	0	0	520	0	0	0	0	
15	0	0	0	0	0	518	0	0	0	0	
0	0	0	0	0	4	509	0	0	0	0	
1	0	0	0	0	0	501	0	0	0	0	
2	0	0	0	0	0	510	0	0	0	0	
3	0	0	0	0	0	503	0	0	0	0	
4	0	0	0	0	1	526	0	0	0	0	
5	0	0	0	0	0	503	0	0	0	0	
6	0	0	0	0	0	501	0	0	0	0	
7	0	0	0	0	0	529	0	0	0	0	
8	0	0	0	0	4	491	0	0	0	0	
9	0	0	0	0	0	497	0	0	0	0	
10	0	0	0	0	0	490	0	0	0	0	
11	0	0	0	0	0	516	0	0	0	0	
12	0	0	0	0	4	484	0	0	0	0	
13	0	0	0	0	0	528	0	0	0	0	
14	0	0	0	0	0	498	0	0	0	0	
15	0	0	0	0	0	541	0	0	0	0	
0	0	0	0	0	2	519	0	0	0	0	
1	0	0	0	0	0	494	0	0	0	0	
2	0	0	0	0	0	495	0	0	0	0	
3	0	0	0	0	0	530	0	0	0	0	
4	0	0	0	0	4	536	0	0	0	0	
5	0	0	0	0	0	538	0	0	0	0	
6	0	0	0	0	0	509	0	0	0	0	
7	0	0	0	0	0	517	0	0	0	0	
8	0	0	0	0	4	554	0	0	0	0	
9	0	0	0	0	0	515	0	0	0	0	
10	0	0	0	0	0	492	0	0	0	0	
11	0	0	0	0	0	492	0	0	0	0	
12	0	0	0	0	4	488	0	0	0	0	
13	0	0	0	0	0	500	0	0	0	0	
14	0	0	0	0	0	467	0	0	0	0	
15	0	0	0	0	0	516	0	0	0	0	
0	0	0	0	0	4	504	0	0	0	0	
1	0	0	0	0	0	505	0	0	0	0	
2	0	0	0	0	0	664	0	0	0	0	
3	0	0	0	0	0	786	2	0	0	0	
4	0	0	0	0	4	675	1	0	0	0	
5	0	0	0	0	0	571	0	0	0	0	
6	0	0	0	0	0	454	0	0	0	0	
7	0	0	0	0	0	450	0	0	0	0	
8	0	0	0	0	4	451	0	0	0	0	
9	0	0	0	0	0	466	0	0	0	0	
10	0	0	0	0	0	455	0	0	0	0	
11	0	0	0	0	0	451	0	0	0	0	
12	0	0	0	0	4	458	0	0	0	0	
13	0	0	0	0	0	464	0	0	0	0	
14	0	0	0	0	0	493	0	0	0	0	
15	0	0	0	0	0	470	0	0	0	0	
0	0	0	0	0	1	493	0	0	0	0	
1	0	0	0	0	0	488	0	0	0	0	
2	0	0	0	0	0	501	0	0	0	0	
3	0	0	0	0	0	512	0	0	0	0	
4	0	0	0	0	4	505	0	0	0	0	
5	0	0	0	0	0	505	0	0	0	0	
6	0	0	0	0	0	523	0	0	0	0	
7	0	0	0	0	0	536	0	0	0	0	
8	0	0	0	0	4	521	0	0	0	0	
9	0	0	0	0	0	515	0	0	0	0	
10	0	0	0	0	0	548	0	0	0	0	
11	0	0	0	0	0	523	0	0	0	0	
12	0	0	0	0	2	504	0	0	0	0	
13	0	0	0	0	0	524	0	0	0	0	
14	0	0	0	0	0	497	0	0	0	0	
15	0	0	0	0	0	498	0	0	0	0	
0	0	0	0	0	4	502	0	0	0	0	
1	0	0	0	0	0	472	0	0	0	0	
2	0	0	0	0	0	471	0	0	0	0	
3	0	0	0	0	0	480	0	0	0	0	
4	0	0	0	0	4	508	0	0	0	0	
5	0	0	0	0	0	506	0	0	0	0	
6	0	0	0	0	0	494	0	0	0	0	
7	0	0	0	0	0	506	0	0	0	0	
8	0	0	0	0	4	502	0	0	0	0	
9	0	0	0	0	0	493	0	0	0	0	
10	0	0	0	0	0	469	0	0	0	0	
11	0	0	0	0	0	517	0	0	0	0	
12	0	0	0	0	4	519	0	0	0	0	
13	0	0	0	0	0	470	0	0	0	0	
14	0	0	0	0	0	519	0	0	0	0	
15	0	0	0	0	0	487	0	0	0	0	
0	0	0	0	0	4	504	0	0	0	0	
1	0	0	0	0	0	499	0	0	0	0	
2	0	0	0	0	0	504	0	0	0	0	
3	0	0	0	0	0	499	0	0	0	0	
4	0	0	0	0	4	549	0	0	0	0	
5	0	0	0	0	0	536	0	0	0	0	
6	0	0	0	0	0	521	0	0	0	0	
7	0	0	0	0	0	519	0	0	0	0	
8	0	0	0	0	4	516	0	0	0	0	
9	0	0	0	0	0	491	0	0	0	0	
10	0	0	0	0	0	517	0	0	0	0	
11	0	0	0	0	0	555	1	0	0	0	
12	0	0	0	0	1	535	0	0	0	0	
13	0	0	0	0	0	539	0	0	0	0	
14	0	0	0	0	0	527	0	0	0	0	
15	0	0	0	0	0	499	0	0	0	0	
0	0	0	0	0	4	544	0	0	0	0	
1	0	0	0	0	1	512	0	0	0	0	
2	0	0	0	0	0	548	0	0	0	0	
3	0	0	0	0	0	504	0	0	0	0	
4	0	0	0	0	4	535	0	0	0	0	
5	0	0	0	0	0	540	0	0	0	0	
6	0	0	0	0	0	538	0	0	0	0	
7	0	0	0	0	0	489	0	0	0	0	
8	0	0	0	0	2	508	0	0	0	0	
9	0	0	0	0	0	532	0	0	0	0	
10	0	0	0	0	0	498	0	0	0	0	
11	0	0	0	0	0	498	0	0	0	0	
12	0	0	0	0	4	499	0	0	0	0	
13	0	0	0	0	0	495	0	0	0	0	
14	0	0	0	0	0	483	0	0	0	0	
15	0	0	0	0	0	480	0	0	0	0	
0	0	0	0	0	4	503	0	0	0	0	
1	0	0	0	0	0	479	0	0	0	0	
2	0	0	0	0	0	465	0	0	0	0	
3	0	0	0	0	0	618	0	0	0	0	
4	0	0	0	0	4	797	1	0	0	0	
5	0	0	0	0	0	664	0	0	0	0	
6	0	0	0	0	0	538	0	0	0	0	
7	0	0	0	0	0	462	0	0	0	0	
8	0	0	0	0	4	444	0	0	0	0	
9	0	0	0	0	0	469	0	0	0	0	
10	0	0	0	0	0	416	0	0	0	0	
11	0	0	0	0	0	472	0	0	0	0	
12	0	0	0	0	2	473	0	0	0	0	
13	0	0	0	0	0	469	0	0	0	0	
14	0	0	0	0	0	473	0	0	0	0	
15	0	0	0	0	0	483	0	0	0	0	
0	0	0	0	0	4	501	0	0	0	0	
1	0	0	0	0	0	489	0	0	0	0	
2	0	0	0	0	0	509	0	0	0	0	
3	0	0	0	0	0	485	0	0	0	0	
4	0	0	0	0	4	505	0	0	0	0	
5	0	0	0	0	0	486	0	0	0	0	
6	0	0	0	0	0	511	0	0	0	0	
7	0	0	0	0	0	527	0	0	0	0	
8	0	0	0	0	1	534	0	0	0	0	
9	0	0	0	0	0	497	0	0	0	0	
10	0	0	0	0	0	524	0	0	0	0	
11	0	0	0	0	0	531	0	0	0	0	
12	0	0	0	0	4	529	0	0	0	0	
13	0	0	0	0	0	520	0	0	0	0	
14	0	0	0	0	0	507	0	0	0	0	
15	0	0	0	0	0	508	0	0	0	0	
0	0	0	0	0	4	480	0	0	0	0	
1	0	0	0	0	0	482	0	0	0	0	
2	0	0	0	0	0	483	0	0	0	0	
3	0	0	0	0	0	478	0	0	0	0	
4	0	0	0	0	4	465	0	0	0	0	
5	0	0	0	0	0	483	0	0	0	0	
6	0	0	0	0	0	510	0	0	0	0	
7	0	0	0	0	0	482	0	0	0	0	
8	0	0	0	0	4	483	0	0	0	0	
9	0	0	0	0	0	501	0	0	0	0	
10	0	0	0	0	0	501	0	0	0	0	
11	0	0	0	0	0	471	0	0	0	0	
12	0	0	0	0	4	489	0	0	0	0	
13	0	0	0	0	0	511	0	0	0	0	
14	0	0	0	0	0	507	0	0	0	0	
15	0	0	0	0	0	505	0	0	0	0	
